1858.08.01_Lloyd'sWeeklyNewspaper_0001	6393	1858.08.01_Lloyd'sWeeklyNewspaper	89132
1858.08.01_Lloyd'sWeeklyNewspaper_0002	8017	1858.08.01_Lloyd'sWeeklyNewspaper	89132
1858.08.01_Lloyd'sWeeklyNewspaper_0003	7713	1858.08.01_Lloyd'sWeeklyNewspaper	89132
1858.08.01_Lloyd'sWeeklyNewspaper_0004	7850	1858.08.01_Lloyd'sWeeklyNewspaper	89132
1858.08.01_Lloyd'sWeeklyNewspaper_0005	7769	1858.08.01_Lloyd'sWeeklyNewspaper	89132
1858.08.01_Lloyd'sWeeklyNewspaper_0006	6205	1858.08.01_Lloyd'sWeeklyNewspaper	89132
1858.08.01_Lloyd'sWeeklyNewspaper_0007	7871	1858.08.01_Lloyd'sWeeklyNewspaper	89132
1858.08.01_Lloyd'sWeeklyNewspaper_0008	8380	1858.08.01_Lloyd'sWeeklyNewspaper	89132
1858.08.01_Lloyd'sWeeklyNewspaper_0009	7348	1858.08.01_Lloyd'sWeeklyNewspaper	89132
1858.08.01_Lloyd'sWeeklyNewspaper_0010	6132	1858.08.01_Lloyd'sWeeklyNewspaper	89132
1858.08.01_Lloyd'sWeeklyNewspaper_0011	8131	1858.08.01_Lloyd'sWeeklyNewspaper	89132
1858.08.01_Lloyd'sWeeklyNewspaper_0012	7323	1858.08.01_Lloyd'sWeeklyNewspaper	89132
1858.08.01_Reynolds'sNewspaper_0001	4694	1858.08.01_Reynolds'sNewspaper	91930
1858.08.01_Reynolds'sNewspaper_0002	5386	1858.08.01_Reynolds'sNewspaper	91930
1858.08.01_Reynolds'sNewspaper_0003	5894	1858.08.01_Reynolds'sNewspaper	91930
1858.08.01_Reynolds'sNewspaper_0004	6239	1858.08.01_Reynolds'sNewspaper	91930
1858.08.01_Reynolds'sNewspaper_0005	6795	1858.08.01_Reynolds'sNewspaper	91930
1858.08.01_Reynolds'sNewspaper_0006	6186	1858.08.01_Reynolds'sNewspaper	91930
1858.08.01_Reynolds'sNewspaper_0007	5634	1858.08.01_Reynolds'sNewspaper	91930
1858.08.01_Reynolds'sNewspaper_0008	4830	1858.08.01_Reynolds'sNewspaper	91930
1858.08.01_Reynolds'sNewspaper_0009	5826	1858.08.01_Reynolds'sNewspaper	91930
1858.08.01_Reynolds'sNewspaper_0010	6215	1858.08.01_Reynolds'sNewspaper	91930
1858.08.01_Reynolds'sNewspaper_0011	5566	1858.08.01_Reynolds'sNewspaper	91930
1858.08.01_Reynolds'sNewspaper_0012	5655	1858.08.01_Reynolds'sNewspaper	91930
1858.08.01_Reynolds'sNewspaper_0013	5654	1858.08.01_Reynolds'sNewspaper	91930
1858.08.01_Reynolds'sNewspaper_0014	5878	1858.08.01_Reynolds'sNewspaper	91930
1858.08.01_Reynolds'sNewspaper_0015	5716	1858.08.01_Reynolds'sNewspaper	91930
1858.08.01_Reynolds'sNewspaper_0016	5762	1858.08.01_Reynolds'sNewspaper	91930
1858.08.01_TheEra_0001	4692	1858.08.01_TheEra	109178
1858.08.01_TheEra_0002	6857	1858.08.01_TheEra	109178
1858.08.01_TheEra_0003	6611	1858.08.01_TheEra	109178
1858.08.01_TheEra_0004	7771	1858.08.01_TheEra	109178
1858.08.01_TheEra_0005	7261	1858.08.01_TheEra	109178
1858.08.01_TheEra_0006	7248	1858.08.01_TheEra	109178
1858.08.01_TheEra_0007	6179	1858.08.01_TheEra	109178
1858.08.01_TheEra_0008	6191	1858.08.01_TheEra	109178
1858.08.01_TheEra_0009	6295	1858.08.01_TheEra	109178
1858.08.01_TheEra_0010	7087	1858.08.01_TheEra	109178
1858.08.01_TheEra_0011	6900	1858.08.01_TheEra	109178
1858.08.01_TheEra_0012	7609	1858.08.01_TheEra	109178
1858.08.01_TheEra_0013	7503	1858.08.01_TheEra	109178
1858.08.01_TheEra_0014	7718	1858.08.01_TheEra	109178
1858.08.01_TheEra_0015	7175	1858.08.01_TheEra	109178
1858.08.01_TheEra_0016	6081	1858.08.01_TheEra	109178
1858.08.02_BirminghamDailyPost_0001	10512	1858.08.02_BirminghamDailyPost	36064
1858.08.02_BirminghamDailyPost_0002	8567	1858.08.02_BirminghamDailyPost	36064
1858.08.02_BirminghamDailyPost_0003	7402	1858.08.02_BirminghamDailyPost	36064
1858.08.02_BirminghamDailyPost_0004	9583	1858.08.02_BirminghamDailyPost	36064
1858.08.02_CaledonianMercury_0001	6626	1858.08.02_CaledonianMercury	35440
1858.08.02_CaledonianMercury_0002	8827	1858.08.02_CaledonianMercury	35440
1858.08.02_CaledonianMercury_0003	8997	1858.08.02_CaledonianMercury	35440
1858.08.02_CaledonianMercury_0004	10520	1858.08.02_CaledonianMercury	35440
1858.08.02_CaledonianMercury_0005	470	1858.08.02_CaledonianMercury	35440
1858.08.02_DailyNews_0001	10639	1858.08.02_DailyNews	85736
1858.08.02_DailyNews_0002	10756	1858.08.02_DailyNews	85736
1858.08.02_DailyNews_0003	13078	1858.08.02_DailyNews	85736
1858.08.02_DailyNews_0004	8733	1858.08.02_DailyNews	85736
1858.08.02_DailyNews_0005	8956	1858.08.02_DailyNews	85736
1858.08.02_DailyNews_0006	11704	1858.08.02_DailyNews	85736
1858.08.02_DailyNews_0007	11699	1858.08.02_DailyNews	85736
1858.08.02_DailyNews_0008	10171	1858.08.02_DailyNews	85736
1858.08.02_Freeman'sJournalandDailyCommercialAdvertiser_0001	9756	1858.08.02_Freeman'sJournalandDailyCommercialAdvertiser	47117
1858.08.02_Freeman'sJournalandDailyCommercialAdvertiser_0002	10827	1858.08.02_Freeman'sJournalandDailyCommercialAdvertiser	47117
1858.08.02_Freeman'sJournalandDailyCommercialAdvertiser_0003	13539	1858.08.02_Freeman'sJournalandDailyCommercialAdvertiser	47117
1858.08.02_Freeman'sJournalandDailyCommercialAdvertiser_0004	12995	1858.08.02_Freeman'sJournalandDailyCommercialAdvertiser	47117
1858.08.02_GlasgowHerald_0001	8159	1858.08.02_GlasgowHerald	88787
1858.08.02_GlasgowHerald_0002	11765	1858.08.02_GlasgowHerald	88787
1858.08.02_GlasgowHerald_0003	12633	1858.08.02_GlasgowHerald	88787
1858.08.02_GlasgowHerald_0004	11855	1858.08.02_GlasgowHerald	88787
1858.08.02_GlasgowHerald_0005	10717	1858.08.02_GlasgowHerald	88787
1858.08.02_GlasgowHerald_0006	12365	1858.08.02_GlasgowHerald	88787
1858.08.02_GlasgowHerald_0007	11810	1858.08.02_GlasgowHerald	88787
1858.08.02_GlasgowHerald_0008	9483	1858.08.02_GlasgowHerald	88787
1858.08.02_LiverpoolMercuryetc_0001	9201	1858.08.02_LiverpoolMercuryetc	46799
1858.08.02_LiverpoolMercuryetc_0002	12637	1858.08.02_LiverpoolMercuryetc	46799
1858.08.02_LiverpoolMercuryetc_0003	12240	1858.08.02_LiverpoolMercuryetc	46799
1858.08.02_LiverpoolMercuryetc_0004	12721	1858.08.02_LiverpoolMercuryetc	46799
1858.08.02_TheBelfastNews-Letter_0001	8292	1858.08.02_TheBelfastNews-Letter	47068
1858.08.02_TheBelfastNews-Letter_0002	11086	1858.08.02_TheBelfastNews-Letter	47068
1858.08.02_TheBelfastNews-Letter_0003	13741	1858.08.02_TheBelfastNews-Letter	47068
1858.08.02_TheBelfastNews-Letter_0004	13288	1858.08.02_TheBelfastNews-Letter	47068
1858.08.02_TheBelfastNews-Letter_0005	661	1858.08.02_TheBelfastNews-Letter	47068
1858.08.02_TheMorningChronicle_0001	10333	1858.08.02_TheMorningChronicle	78156
1858.08.02_TheMorningChronicle_0002	8964	1858.08.02_TheMorningChronicle	78156
1858.08.02_TheMorningChronicle_0003	10004	1858.08.02_TheMorningChronicle	78156
1858.08.02_TheMorningChronicle_0004	7941	1858.08.02_TheMorningChronicle	78156
1858.08.02_TheMorningChronicle_0005	8024	1858.08.02_TheMorningChronicle	78156
1858.08.02_TheMorningChronicle_0006	11817	1858.08.02_TheMorningChronicle	78156
1858.08.02_TheMorningChronicle_0007	10060	1858.08.02_TheMorningChronicle	78156
1858.08.02_TheMorningChronicle_0008	11013	1858.08.02_TheMorningChronicle	78156
1858.08.02_Times_0001	7280	1858.08.02_Times	141367
1858.08.02_Times_0002	6614	1858.08.02_Times	141367
1858.08.02_Times_0003	7306	1858.08.02_Times	141367
1858.08.02_Times_0004	8025	1858.08.02_Times	141367
1858.08.02_Times_0005	8061	1858.08.02_Times	141367
1858.08.02_Times_0006	10667	1858.08.02_Times	141367
1858.08.02_Times_0007	9796	1858.08.02_Times	141367
1858.08.02_Times_0008	8602	1858.08.02_Times	141367
1858.08.02_Times_0009	9557	1858.08.02_Times	141367
1858.08.02_Times_0010	10229	1858.08.02_Times	141367
1858.08.02_Times_0011	12022	1858.08.02_Times	141367
1858.08.02_Times_0012	10505	1858.08.02_Times	141367
1858.08.02_Times_0013	6900	1858.08.02_Times	141367
1858.08.02_Times_0014	8003	1858.08.02_Times	141367
1858.08.02_Times_0015	8641	1858.08.02_Times	141367
1858.08.02_Times_0016	9159	1858.08.02_Times	141367
1858.08.03_BirminghamDailyPost_0001	9788	1858.08.03_BirminghamDailyPost	38098
1858.08.03_BirminghamDailyPost_0002	10458	1858.08.03_BirminghamDailyPost	38098
1858.08.03_BirminghamDailyPost_0003	7691	1858.08.03_BirminghamDailyPost	38098
1858.08.03_BirminghamDailyPost_0004	10161	1858.08.03_BirminghamDailyPost	38098
1858.08.03_CaledonianMercury_0001	7609	1858.08.03_CaledonianMercury	34223
1858.08.03_CaledonianMercury_0002	7639	1858.08.03_CaledonianMercury	34223
1858.08.03_CaledonianMercury_0003	8679	1858.08.03_CaledonianMercury	34223
1858.08.03_CaledonianMercury_0004	9881	1858.08.03_CaledonianMercury	34223
1858.08.03_CaledonianMercury_0005	415	1858.08.03_CaledonianMercury	34223
1858.08.03_DailyNews_0001	9008	1858.08.03_DailyNews	84012
1858.08.03_DailyNews_0002	11660	1858.08.03_DailyNews	84012
1858.08.03_DailyNews_0003	11236	1858.08.03_DailyNews	84012
1858.08.03_DailyNews_0004	8525	1858.08.03_DailyNews	84012
1858.08.03_DailyNews_0005	9910	1858.08.03_DailyNews	84012
1858.08.03_DailyNews_0006	11288	1858.08.03_DailyNews	84012
1858.08.03_DailyNews_0007	11951	1858.08.03_DailyNews	84012
1858.08.03_DailyNews_0008	10434	1858.08.03_DailyNews	84012
1858.08.03_Freeman'sJournalandDailyCommercialAdvertiser_0001	9470	1858.08.03_Freeman'sJournalandDailyCommercialAdvertiser	49094
1858.08.03_Freeman'sJournalandDailyCommercialAdvertiser_0002	10037	1858.08.03_Freeman'sJournalandDailyCommercialAdvertiser	49094
1858.08.03_Freeman'sJournalandDailyCommercialAdvertiser_0003	14522	1858.08.03_Freeman'sJournalandDailyCommercialAdvertiser	49094
1858.08.03_Freeman'sJournalandDailyCommercialAdvertiser_0004	15065	1858.08.03_Freeman'sJournalandDailyCommercialAdvertiser	49094
1858.08.03_LiverpoolMercuryetc_0001	9472	1858.08.03_LiverpoolMercuryetc	114976
1858.08.03_LiverpoolMercuryetc_0002	15658	1858.08.03_LiverpoolMercuryetc	114976
1858.08.03_LiverpoolMercuryetc_0003	15658	1858.08.03_LiverpoolMercuryetc	114976
1858.08.03_LiverpoolMercuryetc_0004	14026	1858.08.03_LiverpoolMercuryetc	114976
1858.08.03_LiverpoolMercuryetc_0005	16368	1858.08.03_LiverpoolMercuryetc	114976
1858.08.03_LiverpoolMercuryetc_0006	15793	1858.08.03_LiverpoolMercuryetc	114976
1858.08.03_LiverpoolMercuryetc_0007	14856	1858.08.03_LiverpoolMercuryetc	114976
1858.08.03_LiverpoolMercuryetc_0008	13145	1858.08.03_LiverpoolMercuryetc	114976
1858.08.03_TheBelfastNews-Letter_0001	8621	1858.08.03_TheBelfastNews-Letter	44212
1858.08.03_TheBelfastNews-Letter_0002	10242	1858.08.03_TheBelfastNews-Letter	44212
1858.08.03_TheBelfastNews-Letter_0003	12293	1858.08.03_TheBelfastNews-Letter	44212
1858.08.03_TheBelfastNews-Letter_0004	12280	1858.08.03_TheBelfastNews-Letter	44212
1858.08.03_TheBelfastNews-Letter_0005	776	1858.08.03_TheBelfastNews-Letter	44212
1858.08.03_TheLeedsMercury_0001	11927	1858.08.03_TheLeedsMercury	48702
1858.08.03_TheLeedsMercury_0002	10928	1858.08.03_TheLeedsMercury	48702
1858.08.03_TheLeedsMercury_0003	12138	1858.08.03_TheLeedsMercury	48702
1858.08.03_TheLeedsMercury_0004	13709	1858.08.03_TheLeedsMercury	48702
1858.08.03_TheMorningChronicle_0001	10235	1858.08.03_TheMorningChronicle	77084
1858.08.03_TheMorningChronicle_0002	9423	1858.08.03_TheMorningChronicle	77084
1858.08.03_TheMorningChronicle_0003	7957	1858.08.03_TheMorningChronicle	77084
1858.08.03_TheMorningChronicle_0004	8151	1858.08.03_TheMorningChronicle	77084
1858.08.03_TheMorningChronicle_0005	10481	1858.08.03_TheMorningChronicle	77084
1858.08.03_TheMorningChronicle_0006	11673	1858.08.03_TheMorningChronicle	77084
1858.08.03_TheMorningChronicle_0007	8123	1858.08.03_TheMorningChronicle	77084
1858.08.03_TheMorningChronicle_0008	11041	1858.08.03_TheMorningChronicle	77084
1858.08.03_Times_0001	9397	1858.08.03_Times	109888
1858.08.03_Times_0002	7257	1858.08.03_Times	109888
1858.08.03_Times_0003	8903	1858.08.03_Times	109888
1858.08.03_Times_0004	8823	1858.08.03_Times	109888
1858.08.03_Times_0005	7800	1858.08.03_Times	109888
1858.08.03_Times_0006	9158	1858.08.03_Times	109888
1858.08.03_Times_0007	10468	1858.08.03_Times	109888
1858.08.03_Times_0008	11548	1858.08.03_Times	109888
1858.08.03_Times_0009	8361	1858.08.03_Times	109888
1858.08.03_Times_0010	11609	1858.08.03_Times	109888
1858.08.03_Times_0011	7760	1858.08.03_Times	109888
1858.08.03_Times_0012	8804	1858.08.03_Times	109888
1858.08.04_BanerCymru_0001	2021	1858.08.04_BanerCymru	48309
1858.08.04_BanerCymru_0002	3141	1858.08.04_BanerCymru	48309
1858.08.04_BanerCymru_0003	2740	1858.08.04_BanerCymru	48309
1858.08.04_BanerCymru_0004	3360	1858.08.04_BanerCymru	48309
1858.08.04_BanerCymru_0005	3103	1858.08.04_BanerCymru	48309
1858.08.04_BanerCymru_0006	3423	1858.08.04_BanerCymru	48309
1858.08.04_BanerCymru_0007	3634	1858.08.04_BanerCymru	48309
1858.08.04_BanerCymru_0008	2513	1858.08.04_BanerCymru	48309
1858.08.04_BanerCymru_0009	2319	1858.08.04_BanerCymru	48309
1858.08.04_BanerCymru_0010	2787	1858.08.04_BanerCymru	48309
1858.08.04_BanerCymru_0011	3305	1858.08.04_BanerCymru	48309
1858.08.04_BanerCymru_0012	3225	1858.08.04_BanerCymru	48309
1858.08.04_BanerCymru_0013	3195	1858.08.04_BanerCymru	48309
1858.08.04_BanerCymru_0014	2877	1858.08.04_BanerCymru	48309
1858.08.04_BanerCymru_0015	3852	1858.08.04_BanerCymru	48309
1858.08.04_BanerCymru_0016	2814	1858.08.04_BanerCymru	48309
1858.08.04_BirminghamDailyPost_0001	9253	1858.08.04_BirminghamDailyPost	37123
1858.08.04_BirminghamDailyPost_0002	9392	1858.08.04_BirminghamDailyPost	37123
1858.08.04_BirminghamDailyPost_0003	8803	1858.08.04_BirminghamDailyPost	37123
1858.08.04_BirminghamDailyPost_0004	9675	1858.08.04_BirminghamDailyPost	37123
1858.08.04_CaledonianMercury_0001	7030	1858.08.04_CaledonianMercury	35032
1858.08.04_CaledonianMercury_0002	8584	1858.08.04_CaledonianMercury	35032
1858.08.04_CaledonianMercury_0003	8565	1858.08.04_CaledonianMercury	35032
1858.08.04_CaledonianMercury_0004	10398	1858.08.04_CaledonianMercury	35032
1858.08.04_CaledonianMercury_0005	455	1858.08.04_CaledonianMercury	35032
1858.08.04_DailyNews_0001	9924	1858.08.04_DailyNews	82748
1858.08.04_DailyNews_0002	10337	1858.08.04_DailyNews	82748
1858.08.04_DailyNews_0003	12320	1858.08.04_DailyNews	82748
1858.08.04_DailyNews_0004	8111	1858.08.04_DailyNews	82748
1858.08.04_DailyNews_0005	9231	1858.08.04_DailyNews	82748
1858.08.04_DailyNews_0006	12569	1858.08.04_DailyNews	82748
1858.08.04_DailyNews_0007	10081	1858.08.04_DailyNews	82748
1858.08.04_DailyNews_0008	10175	1858.08.04_DailyNews	82748
1858.08.04_Freeman'sJournalandDailyCommercialAdvertiser_0001	9397	1858.08.04_Freeman'sJournalandDailyCommercialAdvertiser	47650
1858.08.04_Freeman'sJournalandDailyCommercialAdvertiser_0002	11403	1858.08.04_Freeman'sJournalandDailyCommercialAdvertiser	47650
1858.08.04_Freeman'sJournalandDailyCommercialAdvertiser_0003	14616	1858.08.04_Freeman'sJournalandDailyCommercialAdvertiser	47650
1858.08.04_Freeman'sJournalandDailyCommercialAdvertiser_0004	12234	1858.08.04_Freeman'sJournalandDailyCommercialAdvertiser	47650
1858.08.04_GlasgowHerald_0001	8907	1858.08.04_GlasgowHerald	87490
1858.08.04_GlasgowHerald_0002	10794	1858.08.04_GlasgowHerald	87490
1858.08.04_GlasgowHerald_0003	11079	1858.08.04_GlasgowHerald	87490
1858.08.04_GlasgowHerald_0004	10797	1858.08.04_GlasgowHerald	87490
1858.08.04_GlasgowHerald_0005	11587	1858.08.04_GlasgowHerald	87490
1858.08.04_GlasgowHerald_0006	11487	1858.08.04_GlasgowHerald	87490
1858.08.04_GlasgowHerald_0007	12355	1858.08.04_GlasgowHerald	87490
1858.08.04_GlasgowHerald_0008	10484	1858.08.04_GlasgowHerald	87490
1858.08.04_LiverpoolMercuryetc_0001	9618	1858.08.04_LiverpoolMercuryetc	52576
1858.08.04_LiverpoolMercuryetc_0002	13967	1858.08.04_LiverpoolMercuryetc	52576
1858.08.04_LiverpoolMercuryetc_0003	15453	1858.08.04_LiverpoolMercuryetc	52576
1858.08.04_LiverpoolMercuryetc_0004	13538	1858.08.04_LiverpoolMercuryetc	52576
1858.08.04_TheAberdeenJournal_0001	9118	1858.08.04_TheAberdeenJournal	94722
1858.08.04_TheAberdeenJournal_0002	10953	1858.08.04_TheAberdeenJournal	94722
1858.08.04_TheAberdeenJournal_0003	13920	1858.08.04_TheAberdeenJournal	94722
1858.08.04_TheAberdeenJournal_0004	10046	1858.08.04_TheAberdeenJournal	94722
1858.08.04_TheAberdeenJournal_0005	13523	1858.08.04_TheAberdeenJournal	94722
1858.08.04_TheAberdeenJournal_0006	12300	1858.08.04_TheAberdeenJournal	94722
1858.08.04_TheAberdeenJournal_0007	12822	1858.08.04_TheAberdeenJournal	94722
1858.08.04_TheAberdeenJournal_0008	12040	1858.08.04_TheAberdeenJournal	94722
1858.08.04_TheDerbyMercury_0001	8018	1858.08.04_TheDerbyMercury	94812
1858.08.04_TheDerbyMercury_0002	12961	1858.08.04_TheDerbyMercury	94812
1858.08.04_TheDerbyMercury_0003	12843	1858.08.04_TheDerbyMercury	94812
1858.08.04_TheDerbyMercury_0004	9899	1858.08.04_TheDerbyMercury	94812
1858.08.04_TheDerbyMercury_0005	11943	1858.08.04_TheDerbyMercury	94812
1858.08.04_TheDerbyMercury_0006	12415	1858.08.04_TheDerbyMercury	94812
1858.08.04_TheDerbyMercury_0007	13448	1858.08.04_TheDerbyMercury	94812
1858.08.04_TheDerbyMercury_0008	13285	1858.08.04_TheDerbyMercury	94812
1858.08.04_TheMorningChronicle_0001	10699	1858.08.04_TheMorningChronicle	80074
1858.08.04_TheMorningChronicle_0002	8383	1858.08.04_TheMorningChronicle	80074
1858.08.04_TheMorningChronicle_0003	9436	1858.08.04_TheMorningChronicle	80074
1858.08.04_TheMorningChronicle_0004	8488	1858.08.04_TheMorningChronicle	80074
1858.08.04_TheMorningChronicle_0005	11714	1858.08.04_TheMorningChronicle	80074
1858.08.04_TheMorningChronicle_0006	9826	1858.08.04_TheMorningChronicle	80074
1858.08.04_TheMorningChronicle_0007	10431	1858.08.04_TheMorningChronicle	80074
1858.08.04_TheMorningChronicle_0008	11097	1858.08.04_TheMorningChronicle	80074
1858.08.04_Times_0001	7674	1858.08.04_Times	146433
1858.08.04_Times_0002	10248	1858.08.04_Times	146433
1858.08.04_Times_0003	7872	1858.08.04_Times	146433
1858.08.04_Times_0004	8126	1858.08.04_Times	146433
1858.08.04_Times_0005	8583	1858.08.04_Times	146433
1858.08.04_Times_0006	8429	1858.08.04_Times	146433
1858.08.04_Times_0007	8027	1858.08.04_Times	146433
1858.08.04_Times_0008	9306	1858.08.04_Times	146433
1858.08.04_Times_0009	9616	1858.08.04_Times	146433
1858.08.04_Times_0010	9544	1858.08.04_Times	146433
1858.08.04_Times_0011	12869	1858.08.04_Times	146433
1858.08.04_Times_0012	9881	1858.08.04_Times	146433
1858.08.04_Times_0013	5966	1858.08.04_Times	146433
1858.08.04_Times_0014	8042	1858.08.04_Times	146433
1858.08.04_Times_0015	9102	1858.08.04_Times	146433
1858.08.04_Times_0016	13148	1858.08.04_Times	146433
1858.08.05_BirminghamDailyPost_0001	9685	1858.08.05_BirminghamDailyPost	36289
1858.08.05_BirminghamDailyPost_0002	8593	1858.08.05_BirminghamDailyPost	36289
1858.08.05_BirminghamDailyPost_0003	7218	1858.08.05_BirminghamDailyPost	36289
1858.08.05_BirminghamDailyPost_0004	10793	1858.08.05_BirminghamDailyPost	36289
1858.08.05_CaledonianMercury_0001	6841	1858.08.05_CaledonianMercury	35242
1858.08.05_CaledonianMercury_0002	8435	1858.08.05_CaledonianMercury	35242
1858.08.05_CaledonianMercury_0003	9092	1858.08.05_CaledonianMercury	35242
1858.08.05_CaledonianMercury_0004	10315	1858.08.05_CaledonianMercury	35242
1858.08.05_CaledonianMercury_0005	559	1858.08.05_CaledonianMercury	35242
1858.08.05_DailyNews_0001	9820	1858.08.05_DailyNews	84006
1858.08.05_DailyNews_0002	11230	1858.08.05_DailyNews	84006
1858.08.05_DailyNews_0003	11120	1858.08.05_DailyNews	84006
1858.08.05_DailyNews_0004	7939	1858.08.05_DailyNews	84006
1858.08.05_DailyNews_0005	10914	1858.08.05_DailyNews	84006
1858.08.05_DailyNews_0006	12826	1858.08.05_DailyNews	84006
1858.08.05_DailyNews_0007	10053	1858.08.05_DailyNews	84006
1858.08.05_DailyNews_0008	10104	1858.08.05_DailyNews	84006
1858.08.05_Freeman'sJournalandDailyCommercialAdvertiser_0001	10610	1858.08.05_Freeman'sJournalandDailyCommercialAdvertiser	45896
1858.08.05_Freeman'sJournalandDailyCommercialAdvertiser_0002	9482	1858.08.05_Freeman'sJournalandDailyCommercialAdvertiser	45896
1858.08.05_Freeman'sJournalandDailyCommercialAdvertiser_0003	12723	1858.08.05_Freeman'sJournalandDailyCommercialAdvertiser	45896
1858.08.05_Freeman'sJournalandDailyCommercialAdvertiser_0004	13081	1858.08.05_Freeman'sJournalandDailyCommercialAdvertiser	45896
1858.08.05_LiverpoolMercuryetc_0001	9857	1858.08.05_LiverpoolMercuryetc	55384
1858.08.05_LiverpoolMercuryetc_0002	13954	1858.08.05_LiverpoolMercuryetc	55384
1858.08.05_LiverpoolMercuryetc_0003	16680	1858.08.05_LiverpoolMercuryetc	55384
1858.08.05_LiverpoolMercuryetc_0004	14893	1858.08.05_LiverpoolMercuryetc	55384
1858.08.05_TheBelfastNews-Letter_0001	8673	1858.08.05_TheBelfastNews-Letter	45327
1858.08.05_TheBelfastNews-Letter_0002	10981	1858.08.05_TheBelfastNews-Letter	45327
1858.08.05_TheBelfastNews-Letter_0003	12477	1858.08.05_TheBelfastNews-Letter	45327
1858.08.05_TheBelfastNews-Letter_0004	12822	1858.08.05_TheBelfastNews-Letter	45327
1858.08.05_TheBelfastNews-Letter_0005	374	1858.08.05_TheBelfastNews-Letter	45327
1858.08.05_TheLeedsMercury_0001	12103	1858.08.05_TheLeedsMercury	51082
1858.08.05_TheLeedsMercury_0002	11507	1858.08.05_TheLeedsMercury	51082
1858.08.05_TheLeedsMercury_0003	14598	1858.08.05_TheLeedsMercury	51082
1858.08.05_TheLeedsMercury_0004	12874	1858.08.05_TheLeedsMercury	51082
1858.08.05_TheMorningChronicle_0001	10019	1858.08.05_TheMorningChronicle	78002
1858.08.05_TheMorningChronicle_0002	8689	1858.08.05_TheMorningChronicle	78002
1858.08.05_TheMorningChronicle_0003	10516	1858.08.05_TheMorningChronicle	78002
1858.08.05_TheMorningChronicle_0004	7899	1858.08.05_TheMorningChronicle	78002
1858.08.05_TheMorningChronicle_0005	8925	1858.08.05_TheMorningChronicle	78002
1858.08.05_TheMorningChronicle_0006	10559	1858.08.05_TheMorningChronicle	78002
1858.08.05_TheMorningChronicle_0007	10765	1858.08.05_TheMorningChronicle	78002
1858.08.05_TheMorningChronicle_0008	10630	1858.08.05_TheMorningChronicle	78002
1858.08.05_Times_0001	7615	1858.08.05_Times	108857
1858.08.05_Times_0002	9114	1858.08.05_Times	108857
1858.08.05_Times_0003	9341	1858.08.05_Times	108857
1858.08.05_Times_0004	10859	1858.08.05_Times	108857
1858.08.05_Times_0005	7970	1858.08.05_Times	108857
1858.08.05_Times_0006	8780	1858.08.05_Times	108857
1858.08.05_Times_0007	9982	1858.08.05_Times	108857
1858.08.05_Times_0008	9759	1858.08.05_Times	108857
1858.08.05_Times_0009	11288	1858.08.05_Times	108857
1858.08.05_Times_0010	7622	1858.08.05_Times	108857
1858.08.05_Times_0011	7465	1858.08.05_Times	108857
1858.08.05_Times_0012	9062	1858.08.05_Times	108857
1858.08.05_Trewman'sExeterFlyingPostorPlymouthandCornishAdvertiser_0001	9043	1858.08.05_Trewman'sExeterFlyingPostorPlymouthandCornishAdvertiser	85131
1858.08.05_Trewman'sExeterFlyingPostorPlymouthandCornishAdvertiser_0002	11073	1858.08.05_Trewman'sExeterFlyingPostorPlymouthandCornishAdvertiser	85131
1858.08.05_Trewman'sExeterFlyingPostorPlymouthandCornishAdvertiser_0003	12823	1858.08.05_Trewman'sExeterFlyingPostorPlymouthandCornishAdvertiser	85131
1858.08.05_Trewman'sExeterFlyingPostorPlymouthandCornishAdvertiser_0004	4997	1858.08.05_Trewman'sExeterFlyingPostorPlymouthandCornishAdvertiser	85131
1858.08.05_Trewman'sExeterFlyingPostorPlymouthandCornishAdvertiser_0005	10139	1858.08.05_Trewman'sExeterFlyingPostorPlymouthandCornishAdvertiser	85131
1858.08.05_Trewman'sExeterFlyingPostorPlymouthandCornishAdvertiser_0006	12666	1858.08.05_Trewman'sExeterFlyingPostorPlymouthandCornishAdvertiser	85131
1858.08.05_Trewman'sExeterFlyingPostorPlymouthandCornishAdvertiser_0007	12332	1858.08.05_Trewman'sExeterFlyingPostorPlymouthandCornishAdvertiser	85131
1858.08.05_Trewman'sExeterFlyingPostorPlymouthandCornishAdvertiser_0008	12058	1858.08.05_Trewman'sExeterFlyingPostorPlymouthandCornishAdvertiser	85131
1858.08.06_BirminghamDailyPost_0001	8709	1858.08.06_BirminghamDailyPost	35162
1858.08.06_BirminghamDailyPost_0002	8480	1858.08.06_BirminghamDailyPost	35162
1858.08.06_BirminghamDailyPost_0003	7697	1858.08.06_BirminghamDailyPost	35162
1858.08.06_BirminghamDailyPost_0004	10276	1858.08.06_BirminghamDailyPost	35162
1858.08.06_CaledonianMercury_0001	7048	1858.08.06_CaledonianMercury	34588
1858.08.06_CaledonianMercury_0002	8594	1858.08.06_CaledonianMercury	34588
1858.08.06_CaledonianMercury_0003	8542	1858.08.06_CaledonianMercury	34588
1858.08.06_CaledonianMercury_0004	10307	1858.08.06_CaledonianMercury	34588
1858.08.06_CaledonianMercury_0005	97	1858.08.06_CaledonianMercury	34588
1858.08.06_DailyNews_0001	10516	1858.08.06_DailyNews	84873
1858.08.06_DailyNews_0002	12057	1858.08.06_DailyNews	84873
1858.08.06_DailyNews_0003	12264	1858.08.06_DailyNews	84873
1858.08.06_DailyNews_0004	7835	1858.08.06_DailyNews	84873
1858.08.06_DailyNews_0005	9841	1858.08.06_DailyNews	84873
1858.08.06_DailyNews_0006	12104	1858.08.06_DailyNews	84873
1858.08.06_DailyNews_0007	10554	1858.08.06_DailyNews	84873
1858.08.06_DailyNews_0008	9702	1858.08.06_DailyNews	84873
1858.08.06_Freeman'sJournalandDailyCommercialAdvertiser_0001	10437	1858.08.06_Freeman'sJournalandDailyCommercialAdvertiser	49366
1858.08.06_Freeman'sJournalandDailyCommercialAdvertiser_0002	11577	1858.08.06_Freeman'sJournalandDailyCommercialAdvertiser	49366
1858.08.06_Freeman'sJournalandDailyCommercialAdvertiser_0003	13345	1858.08.06_Freeman'sJournalandDailyCommercialAdvertiser	49366
1858.08.06_Freeman'sJournalandDailyCommercialAdvertiser_0004	14007	1858.08.06_Freeman'sJournalandDailyCommercialAdvertiser	49366
1858.08.06_GlasgowHerald_0001	9033	1858.08.06_GlasgowHerald	88791
1858.08.06_GlasgowHerald_0002	11107	1858.08.06_GlasgowHerald	88791
1858.08.06_GlasgowHerald_0003	11759	1858.08.06_GlasgowHerald	88791
1858.08.06_GlasgowHerald_0004	10960	1858.08.06_GlasgowHerald	88791
1858.08.06_GlasgowHerald_0005	12995	1858.08.06_GlasgowHerald	88791
1858.08.06_GlasgowHerald_0006	11269	1858.08.06_GlasgowHerald	88791
1858.08.06_GlasgowHerald_0007	12441	1858.08.06_GlasgowHerald	88791
1858.08.06_GlasgowHerald_0008	9227	1858.08.06_GlasgowHerald	88791
1858.08.06_LiverpoolMercuryetc_0001	10907	1858.08.06_LiverpoolMercuryetc	152828
1858.08.06_LiverpoolMercuryetc_0002	15690	1858.08.06_LiverpoolMercuryetc	152828
1858.08.06_LiverpoolMercuryetc_0003	13487	1858.08.06_LiverpoolMercuryetc	152828
1858.08.06_LiverpoolMercuryetc_0004	16701	1858.08.06_LiverpoolMercuryetc	152828
1858.08.06_LiverpoolMercuryetc_0005	18245	1858.08.06_LiverpoolMercuryetc	152828
1858.08.06_LiverpoolMercuryetc_0006	13800	1858.08.06_LiverpoolMercuryetc	152828
1858.08.06_LiverpoolMercuryetc_0007	16640	1858.08.06_LiverpoolMercuryetc	152828
1858.08.06_LiverpoolMercuryetc_0008	14579	1858.08.06_LiverpoolMercuryetc	152828
1858.08.06_LiverpoolMercuryetc_0009	18163	1858.08.06_LiverpoolMercuryetc	152828
1858.08.06_LiverpoolMercuryetc_0010	14616	1858.08.06_LiverpoolMercuryetc	152828
1858.08.06_TheBelfastNews-Letter_0001	8114	1858.08.06_TheBelfastNews-Letter	43841
1858.08.06_TheBelfastNews-Letter_0002	10201	1858.08.06_TheBelfastNews-Letter	43841
1858.08.06_TheBelfastNews-Letter_0003	13098	1858.08.06_TheBelfastNews-Letter	43841
1858.08.06_TheBelfastNews-Letter_0004	12428	1858.08.06_TheBelfastNews-Letter	43841
1858.08.06_TheHullPacketandEastRidingTimes_0001	7031	1858.08.06_TheHullPacketandEastRidingTimes	93565
1858.08.06_TheHullPacketandEastRidingTimes_0002	13167	1858.08.06_TheHullPacketandEastRidingTimes	93565
1858.08.06_TheHullPacketandEastRidingTimes_0003	13922	1858.08.06_TheHullPacketandEastRidingTimes	93565
1858.08.06_TheHullPacketandEastRidingTimes_0004	9261	1858.08.06_TheHullPacketandEastRidingTimes	93565
1858.08.06_TheHullPacketandEastRidingTimes_0005	12461	1858.08.06_TheHullPacketandEastRidingTimes	93565
1858.08.06_TheHullPacketandEastRidingTimes_0006	12869	1858.08.06_TheHullPacketandEastRidingTimes	93565
1858.08.06_TheHullPacketandEastRidingTimes_0007	12490	1858.08.06_TheHullPacketandEastRidingTimes	93565
1858.08.06_TheHullPacketandEastRidingTimes_0008	12364	1858.08.06_TheHullPacketandEastRidingTimes	93565
1858.08.06_TheMorningChronicle_0001	10290	1858.08.06_TheMorningChronicle	77490
1858.08.06_TheMorningChronicle_0002	8378	1858.08.06_TheMorningChronicle	77490
1858.08.06_TheMorningChronicle_0003	10693	1858.08.06_TheMorningChronicle	77490
1858.08.06_TheMorningChronicle_0004	8196	1858.08.06_TheMorningChronicle	77490
1858.08.06_TheMorningChronicle_0005	9338	1858.08.06_TheMorningChronicle	77490
1858.08.06_TheMorningChronicle_0006	8637	1858.08.06_TheMorningChronicle	77490
1858.08.06_TheMorningChronicle_0007	11311	1858.08.06_TheMorningChronicle	77490
1858.08.06_TheMorningChronicle_0008	10647	1858.08.06_TheMorningChronicle	77490
1858.08.06_TheNewcastleCourantetc_0001	9565	1858.08.06_TheNewcastleCourantetc	105984
1858.08.06_TheNewcastleCourantetc_0002	15166	1858.08.06_TheNewcastleCourantetc	105984
1858.08.06_TheNewcastleCourantetc_0003	14732	1858.08.06_TheNewcastleCourantetc	105984
1858.08.06_TheNewcastleCourantetc_0004	10263	1858.08.06_TheNewcastleCourantetc	105984
1858.08.06_TheNewcastleCourantetc_0005	14549	1858.08.06_TheNewcastleCourantetc	105984
1858.08.06_TheNewcastleCourantetc_0006	14107	1858.08.06_TheNewcastleCourantetc	105984
1858.08.06_TheNewcastleCourantetc_0007	15055	1858.08.06_TheNewcastleCourantetc	105984
1858.08.06_TheNewcastleCourantetc_0008	12547	1858.08.06_TheNewcastleCourantetc	105984
1858.08.06_Times_0001	8165	1858.08.06_Times	141000
1858.08.06_Times_0002	8541	1858.08.06_Times	141000
1858.08.06_Times_0003	8832	1858.08.06_Times	141000
1858.08.06_Times_0004	8106	1858.08.06_Times	141000
1858.08.06_Times_0005	9806	1858.08.06_Times	141000
1858.08.06_Times_0006	6775	1858.08.06_Times	141000
1858.08.06_Times_0007	6645	1858.08.06_Times	141000
1858.08.06_Times_0008	8436	1858.08.06_Times	141000
1858.08.06_Times_0009	10215	1858.08.06_Times	141000
1858.08.06_Times_0010	10519	1858.08.06_Times	141000
1858.08.06_Times_0011	10100	1858.08.06_Times	141000
1858.08.06_Times_0012	12379	1858.08.06_Times	141000
1858.08.06_Times_0013	7196	1858.08.06_Times	141000
1858.08.06_Times_0014	6706	1858.08.06_Times	141000
1858.08.06_Times_0015	8871	1858.08.06_Times	141000
1858.08.06_Times_0016	9708	1858.08.06_Times	141000
1858.08.07_CaledonianMercury_0001	7254	1858.08.07_CaledonianMercury	35434
1858.08.07_CaledonianMercury_0002	8468	1858.08.07_CaledonianMercury	35434
1858.08.07_CaledonianMercury_0003	9289	1858.08.07_CaledonianMercury	35434
1858.08.07_CaledonianMercury_0004	10423	1858.08.07_CaledonianMercury	35434
1858.08.07_DailyNews_0001	9664	1858.08.07_DailyNews	84562
1858.08.07_DailyNews_0002	11150	1858.08.07_DailyNews	84562
1858.08.07_DailyNews_0003	12172	1858.08.07_DailyNews	84562
1858.08.07_DailyNews_0004	8464	1858.08.07_DailyNews	84562
1858.08.07_DailyNews_0005	10123	1858.08.07_DailyNews	84562
1858.08.07_DailyNews_0006	12674	1858.08.07_DailyNews	84562
1858.08.07_DailyNews_0007	12037	1858.08.07_DailyNews	84562
1858.08.07_DailyNews_0008	8278	1858.08.07_DailyNews	84562
1858.08.07_Freeman'sJournalandDailyCommercialAdvertiser_0001	9747	1858.08.07_Freeman'sJournalandDailyCommercialAdvertiser	49482
1858.08.07_Freeman'sJournalandDailyCommercialAdvertiser_0002	11807	1858.08.07_Freeman'sJournalandDailyCommercialAdvertiser	49482
1858.08.07_Freeman'sJournalandDailyCommercialAdvertiser_0003	14699	1858.08.07_Freeman'sJournalandDailyCommercialAdvertiser	49482
1858.08.07_Freeman'sJournalandDailyCommercialAdvertiser_0004	13229	1858.08.07_Freeman'sJournalandDailyCommercialAdvertiser	49482
1858.08.07_HampshireTelegraphandSussexChronicleetc_0001	8831	1858.08.07_HampshireTelegraphandSussexChronicleetc	86640
1858.08.07_HampshireTelegraphandSussexChronicleetc_0002	9429	1858.08.07_HampshireTelegraphandSussexChronicleetc	86640
1858.08.07_HampshireTelegraphandSussexChronicleetc_0003	12235	1858.08.07_HampshireTelegraphandSussexChronicleetc	86640
1858.08.07_HampshireTelegraphandSussexChronicleetc_0004	11147	1858.08.07_HampshireTelegraphandSussexChronicleetc	86640
1858.08.07_HampshireTelegraphandSussexChronicleetc_0005	11455	1858.08.07_HampshireTelegraphandSussexChronicleetc	86640
1858.08.07_HampshireTelegraphandSussexChronicleetc_0006	11785	1858.08.07_HampshireTelegraphandSussexChronicleetc	86640
1858.08.07_HampshireTelegraphandSussexChronicleetc_0007	11064	1858.08.07_HampshireTelegraphandSussexChronicleetc	86640
1858.08.07_HampshireTelegraphandSussexChronicleetc_0008	10694	1858.08.07_HampshireTelegraphandSussexChronicleetc	86640
1858.08.07_Jackson'sOxfordJournal_0001	7809	1858.08.07_Jackson'sOxfordJournal	89414
1858.08.07_Jackson'sOxfordJournal_0002	10390	1858.08.07_Jackson'sOxfordJournal	89414
1858.08.07_Jackson'sOxfordJournal_0003	12408	1858.08.07_Jackson'sOxfordJournal	89414
1858.08.07_Jackson'sOxfordJournal_0004	10609	1858.08.07_Jackson'sOxfordJournal	89414
1858.08.07_Jackson'sOxfordJournal_0005	12062	1858.08.07_Jackson'sOxfordJournal	89414
1858.08.07_Jackson'sOxfordJournal_0006	12230	1858.08.07_Jackson'sOxfordJournal	89414
1858.08.07_Jackson'sOxfordJournal_0007	10826	1858.08.07_Jackson'sOxfordJournal	89414
1858.08.07_Jackson'sOxfordJournal_0008	13080	1858.08.07_Jackson'sOxfordJournal	89414
1858.08.07_LiverpoolMercuryetc_0001	10619	1858.08.07_LiverpoolMercuryetc	173669
1858.08.07_LiverpoolMercuryetc_0002	15460	1858.08.07_LiverpoolMercuryetc	173669
1858.08.07_LiverpoolMercuryetc_0003	16370	1858.08.07_LiverpoolMercuryetc	173669
1858.08.07_LiverpoolMercuryetc_0004	13290	1858.08.07_LiverpoolMercuryetc	173669
1858.08.07_LiverpoolMercuryetc_0005	10776	1858.08.07_LiverpoolMercuryetc	173669
1858.08.07_LiverpoolMercuryetc_0006	13058	1858.08.07_LiverpoolMercuryetc	173669
1858.08.07_LiverpoolMercuryetc_0007	14861	1858.08.07_LiverpoolMercuryetc	173669
1858.08.07_LiverpoolMercuryetc_0008	15190	1858.08.07_LiverpoolMercuryetc	173669
1858.08.07_LiverpoolMercuryetc_0009	14466	1858.08.07_LiverpoolMercuryetc	173669
1858.08.07_LiverpoolMercuryetc_0010	15920	1858.08.07_LiverpoolMercuryetc	173669
1858.08.07_LiverpoolMercuryetc_0011	19938	1858.08.07_LiverpoolMercuryetc	173669
1858.08.07_LiverpoolMercuryetc_0012	13721	1858.08.07_LiverpoolMercuryetc	173669
1858.08.07_ManchesterTimes_0001	9425	1858.08.07_ManchesterTimes	96976
1858.08.07_ManchesterTimes_0002	13184	1858.08.07_ManchesterTimes	96976
1858.08.07_ManchesterTimes_0003	12008	1858.08.07_ManchesterTimes	96976
1858.08.07_ManchesterTimes_0004	10868	1858.08.07_ManchesterTimes	96976
1858.08.07_ManchesterTimes_0005	11665	1858.08.07_ManchesterTimes	96976
1858.08.07_ManchesterTimes_0006	13430	1858.08.07_ManchesterTimes	96976
1858.08.07_ManchesterTimes_0007	13010	1858.08.07_ManchesterTimes	96976
1858.08.07_ManchesterTimes_0008	13386	1858.08.07_ManchesterTimes	96976
1858.08.07_NorthWalesChronicle_0001	8440	1858.08.07_NorthWalesChronicle	110797
1858.08.07_NorthWalesChronicle_0002	10218	1858.08.07_NorthWalesChronicle	110797
1858.08.07_NorthWalesChronicle_0003	10220	1858.08.07_NorthWalesChronicle	110797
1858.08.07_NorthWalesChronicle_0004	10355	1858.08.07_NorthWalesChronicle	110797
1858.08.07_NorthWalesChronicle_0005	10945	1858.08.07_NorthWalesChronicle	110797
1858.08.07_NorthWalesChronicle_0006	10692	1858.08.07_NorthWalesChronicle	110797
1858.08.07_NorthWalesChronicle_0007	10103	1858.08.07_NorthWalesChronicle	110797
1858.08.07_NorthWalesChronicle_0008	11488	1858.08.07_NorthWalesChronicle	110797
1858.08.07_NorthWalesChronicle_0009	3004	1858.08.07_NorthWalesChronicle	110797
1858.08.07_NorthWalesChronicle_0010	7270	1858.08.07_NorthWalesChronicle	110797
1858.08.07_NorthWalesChronicle_0011	7446	1858.08.07_NorthWalesChronicle	110797
1858.08.07_NorthWalesChronicle_0012	10616	1858.08.07_NorthWalesChronicle	110797
1858.08.07_TheBelfastNews-Letter_0001	8813	1858.08.07_TheBelfastNews-Letter	45056
1858.08.07_TheBelfastNews-Letter_0002	10269	1858.08.07_TheBelfastNews-Letter	45056
1858.08.07_TheBelfastNews-Letter_0003	12654	1858.08.07_TheBelfastNews-Letter	45056
1858.08.07_TheBelfastNews-Letter_0004	13320	1858.08.07_TheBelfastNews-Letter	45056
1858.08.07_TheBristolMercury_0001	9549	1858.08.07_TheBristolMercury	95579
1858.08.07_TheBristolMercury_0002	11438	1858.08.07_TheBristolMercury	95579
1858.08.07_TheBristolMercury_0003	8245	1858.08.07_TheBristolMercury	95579
1858.08.07_TheBristolMercury_0004	12298	1858.08.07_TheBristolMercury	95579
1858.08.07_TheBristolMercury_0005	10317	1858.08.07_TheBristolMercury	95579
1858.08.07_TheBristolMercury_0006	15413	1858.08.07_TheBristolMercury	95579
1858.08.07_TheBristolMercury_0007	15080	1858.08.07_TheBristolMercury	95579
1858.08.07_TheBristolMercury_0008	13239	1858.08.07_TheBristolMercury	95579
1858.08.07_TheExaminer_0001	2671	1858.08.07_TheExaminer	61314
1858.08.07_TheExaminer_0002	3115	1858.08.07_TheExaminer	61314
1858.08.07_TheExaminer_0003	3072	1858.08.07_TheExaminer	61314
1858.08.07_TheExaminer_0004	2654	1858.08.07_TheExaminer	61314
1858.08.07_TheExaminer_0005	3667	1858.08.07_TheExaminer	61314
1858.08.07_TheExaminer_0006	3826	1858.08.07_TheExaminer	61314
1858.08.07_TheExaminer_0007	3793	1858.08.07_TheExaminer	61314
1858.08.07_TheExaminer_0008	4233	1858.08.07_TheExaminer	61314
1858.08.07_TheExaminer_0009	4319	1858.08.07_TheExaminer	61314
1858.08.07_TheExaminer_0010	4059	1858.08.07_TheExaminer	61314
1858.08.07_TheExaminer_0011	4410	1858.08.07_TheExaminer	61314
1858.08.07_TheExaminer_0012	4647	1858.08.07_TheExaminer	61314
1858.08.07_TheExaminer_0013	4567	1858.08.07_TheExaminer	61314
1858.08.07_TheExaminer_0014	4753	1858.08.07_TheExaminer	61314
1858.08.07_TheExaminer_0015	4659	1858.08.07_TheExaminer	61314
1858.08.07_TheExaminer_0016	2869	1858.08.07_TheExaminer	61314
1858.08.07_TheIpswichJournal_0001	12081	1858.08.07_TheIpswichJournal	67817
1858.08.07_TheIpswichJournal_0002	15251	1858.08.07_TheIpswichJournal	67817
1858.08.07_TheIpswichJournal_0003	20401	1858.08.07_TheIpswichJournal	67817
1858.08.07_TheIpswichJournal_0004	20084	1858.08.07_TheIpswichJournal	67817
1858.08.07_TheLeedsMercury_0001	10994	1858.08.07_TheLeedsMercury	105285
1858.08.07_TheLeedsMercury_0002	15538	1858.08.07_TheLeedsMercury	105285
1858.08.07_TheLeedsMercury_0003	14281	1858.08.07_TheLeedsMercury	105285
1858.08.07_TheLeedsMercury_0004	11326	1858.08.07_TheLeedsMercury	105285
1858.08.07_TheLeedsMercury_0005	12832	1858.08.07_TheLeedsMercury	105285
1858.08.07_TheLeedsMercury_0006	13996	1858.08.07_TheLeedsMercury	105285
1858.08.07_TheLeedsMercury_0007	13518	1858.08.07_TheLeedsMercury	105285
1858.08.07_TheLeedsMercury_0008	12800	1858.08.07_TheLeedsMercury	105285
1858.08.07_TheMorningChronicle_0001	10455	1858.08.07_TheMorningChronicle	80427
1858.08.07_TheMorningChronicle_0002	8402	1858.08.07_TheMorningChronicle	80427
1858.08.07_TheMorningChronicle_0003	10206	1858.08.07_TheMorningChronicle	80427
1858.08.07_TheMorningChronicle_0004	7819	1858.08.07_TheMorningChronicle	80427
1858.08.07_TheMorningChronicle_0005	9798	1858.08.07_TheMorningChronicle	80427
1858.08.07_TheMorningChronicle_0006	11432	1858.08.07_TheMorningChronicle	80427
1858.08.07_TheMorningChronicle_0007	10898	1858.08.07_TheMorningChronicle	80427
1858.08.07_TheMorningChronicle_0008	11417	1858.08.07_TheMorningChronicle	80427
1858.08.07_ThePrestonGuardianetc_0001	7921	1858.08.07_ThePrestonGuardianetc	93243
1858.08.07_ThePrestonGuardianetc_0002	12592	1858.08.07_ThePrestonGuardianetc	93243
1858.08.07_ThePrestonGuardianetc_0003	12668	1858.08.07_ThePrestonGuardianetc	93243
1858.08.07_ThePrestonGuardianetc_0004	10101	1858.08.07_ThePrestonGuardianetc	93243
1858.08.07_ThePrestonGuardianetc_0005	12329	1858.08.07_ThePrestonGuardianetc	93243
1858.08.07_ThePrestonGuardianetc_0006	12853	1858.08.07_ThePrestonGuardianetc	93243
1858.08.07_ThePrestonGuardianetc_0007	12480	1858.08.07_ThePrestonGuardianetc	93243
1858.08.07_ThePrestonGuardianetc_0008	12299	1858.08.07_ThePrestonGuardianetc	93243
1858.08.07_Times_0001	8904	1858.08.07_Times	147468
1858.08.07_Times_0002	9247	1858.08.07_Times	147468
1858.08.07_Times_0003	8896	1858.08.07_Times	147468
1858.08.07_Times_0004	7948	1858.08.07_Times	147468
1858.08.07_Times_0005	9277	1858.08.07_Times	147468
1858.08.07_Times_0006	8860	1858.08.07_Times	147468
1858.08.07_Times_0007	7552	1858.08.07_Times	147468
1858.08.07_Times_0008	8823	1858.08.07_Times	147468
1858.08.07_Times_0009	11806	1858.08.07_Times	147468
1858.08.07_Times_0010	11166	1858.08.07_Times	147468
1858.08.07_Times_0011	11514	1858.08.07_Times	147468
1858.08.07_Times_0012	10189	1858.08.07_Times	147468
1858.08.07_Times_0013	6946	1858.08.07_Times	147468
1858.08.07_Times_0014	7239	1858.08.07_Times	147468
1858.08.07_Times_0015	9706	1858.08.07_Times	147468
1858.08.07_Times_0016	9395	1858.08.07_Times	147468
1858.08.08_Lloyd'sWeeklyNewspaper_0001	6430	1858.08.08_Lloyd'sWeeklyNewspaper	87889
1858.08.08_Lloyd'sWeeklyNewspaper_0002	7638	1858.08.08_Lloyd'sWeeklyNewspaper	87889
1858.08.08_Lloyd'sWeeklyNewspaper_0003	8010	1858.08.08_Lloyd'sWeeklyNewspaper	87889
1858.08.08_Lloyd'sWeeklyNewspaper_0004	7789	1858.08.08_Lloyd'sWeeklyNewspaper	87889
1858.08.08_Lloyd'sWeeklyNewspaper_0005	8165	1858.08.08_Lloyd'sWeeklyNewspaper	87889
1858.08.08_Lloyd'sWeeklyNewspaper_0006	6098	1858.08.08_Lloyd'sWeeklyNewspaper	87889
1858.08.08_Lloyd'sWeeklyNewspaper_0007	7516	1858.08.08_Lloyd'sWeeklyNewspaper	87889
1858.08.08_Lloyd'sWeeklyNewspaper_0008	7532	1858.08.08_Lloyd'sWeeklyNewspaper	87889
1858.08.08_Lloyd'sWeeklyNewspaper_0009	7034	1858.08.08_Lloyd'sWeeklyNewspaper	87889
1858.08.08_Lloyd'sWeeklyNewspaper_0010	6703	1858.08.08_Lloyd'sWeeklyNewspaper	87889
1858.08.08_Lloyd'sWeeklyNewspaper_0011	7877	1858.08.08_Lloyd'sWeeklyNewspaper	87889
1858.08.08_Lloyd'sWeeklyNewspaper_0012	7097	1858.08.08_Lloyd'sWeeklyNewspaper	87889
1858.08.08_Reynolds'sNewspaper_0001	5070	1858.08.08_Reynolds'sNewspaper	92777
1858.08.08_Reynolds'sNewspaper_0002	6731	1858.08.08_Reynolds'sNewspaper	92777
1858.08.08_Reynolds'sNewspaper_0003	6171	1858.08.08_Reynolds'sNewspaper	92777
1858.08.08_Reynolds'sNewspaper_0004	6251	1858.08.08_Reynolds'sNewspaper	92777
1858.08.08_Reynolds'sNewspaper_0005	6276	1858.08.08_Reynolds'sNewspaper	92777
1858.08.08_Reynolds'sNewspaper_0006	6089	1858.08.08_Reynolds'sNewspaper	92777
1858.08.08_Reynolds'sNewspaper_0007	5428	1858.08.08_Reynolds'sNewspaper	92777
1858.08.08_Reynolds'sNewspaper_0008	4140	1858.08.08_Reynolds'sNewspaper	92777
1858.08.08_Reynolds'sNewspaper_0009	5990	1858.08.08_Reynolds'sNewspaper	92777
1858.08.08_Reynolds'sNewspaper_0010	6283	1858.08.08_Reynolds'sNewspaper	92777
1858.08.08_Reynolds'sNewspaper_0011	5936	1858.08.08_Reynolds'sNewspaper	92777
1858.08.08_Reynolds'sNewspaper_0012	6060	1858.08.08_Reynolds'sNewspaper	92777
1858.08.08_Reynolds'sNewspaper_0013	5640	1858.08.08_Reynolds'sNewspaper	92777
1858.08.08_Reynolds'sNewspaper_0014	5643	1858.08.08_Reynolds'sNewspaper	92777
1858.08.08_Reynolds'sNewspaper_0015	5116	1858.08.08_Reynolds'sNewspaper	92777
1858.08.08_Reynolds'sNewspaper_0016	5953	1858.08.08_Reynolds'sNewspaper	92777
1858.08.08_TheEra_0001	4637	1858.08.08_TheEra	110026
1858.08.08_TheEra_0002	6872	1858.08.08_TheEra	110026
1858.08.08_TheEra_0003	6608	1858.08.08_TheEra	110026
1858.08.08_TheEra_0004	7877	1858.08.08_TheEra	110026
1858.08.08_TheEra_0005	6829	1858.08.08_TheEra	110026
1858.08.08_TheEra_0006	7427	1858.08.08_TheEra	110026
1858.08.08_TheEra_0007	7058	1858.08.08_TheEra	110026
1858.08.08_TheEra_0008	6158	1858.08.08_TheEra	110026
1858.08.08_TheEra_0009	6074	1858.08.08_TheEra	110026
1858.08.08_TheEra_0010	6890	1858.08.08_TheEra	110026
1858.08.08_TheEra_0011	7402	1858.08.08_TheEra	110026
1858.08.08_TheEra_0012	7308	1858.08.08_TheEra	110026
1858.08.08_TheEra_0013	7668	1858.08.08_TheEra	110026
1858.08.08_TheEra_0014	8323	1858.08.08_TheEra	110026
1858.08.08_TheEra_0015	6919	1858.08.08_TheEra	110026
1858.08.08_TheEra_0016	5976	1858.08.08_TheEra	110026
1858.08.09_BirminghamDailyPost_0001	9271	1858.08.09_BirminghamDailyPost	33794
1858.08.09_BirminghamDailyPost_0002	7924	1858.08.09_BirminghamDailyPost	33794
1858.08.09_BirminghamDailyPost_0003	7483	1858.08.09_BirminghamDailyPost	33794
1858.08.09_BirminghamDailyPost_0004	9116	1858.08.09_BirminghamDailyPost	33794
1858.08.09_CaledonianMercury_0001	6544	1858.08.09_CaledonianMercury	34325
1858.08.09_CaledonianMercury_0002	8716	1858.08.09_CaledonianMercury	34325
1858.08.09_CaledonianMercury_0003	8318	1858.08.09_CaledonianMercury	34325
1858.08.09_CaledonianMercury_0004	9804	1858.08.09_CaledonianMercury	34325
1858.08.09_CaledonianMercury_0005	943	1858.08.09_CaledonianMercury	34325
1858.08.09_DailyNews_0001	7362	1858.08.09_DailyNews	78170
1858.08.09_DailyNews_0002	10865	1858.08.09_DailyNews	78170
1858.08.09_DailyNews_0003	11193	1858.08.09_DailyNews	78170
1858.08.09_DailyNews_0004	8153	1858.08.09_DailyNews	78170
1858.08.09_DailyNews_0005	9803	1858.08.09_DailyNews	78170
1858.08.09_DailyNews_0006	11484	1858.08.09_DailyNews	78170
1858.08.09_DailyNews_0007	10432	1858.08.09_DailyNews	78170
1858.08.09_DailyNews_0008	8878	1858.08.09_DailyNews	78170
1858.08.09_Freeman'sJournalandDailyCommercialAdvertiser_0001	9920	1858.08.09_Freeman'sJournalandDailyCommercialAdvertiser	48358
1858.08.09_Freeman'sJournalandDailyCommercialAdvertiser_0002	10889	1858.08.09_Freeman'sJournalandDailyCommercialAdvertiser	48358
1858.08.09_Freeman'sJournalandDailyCommercialAdvertiser_0003	13927	1858.08.09_Freeman'sJournalandDailyCommercialAdvertiser	48358
1858.08.09_Freeman'sJournalandDailyCommercialAdvertiser_0004	13622	1858.08.09_Freeman'sJournalandDailyCommercialAdvertiser	48358
1858.08.09_GlasgowHerald_0001	8936	1858.08.09_GlasgowHerald	87909
1858.08.09_GlasgowHerald_0002	11859	1858.08.09_GlasgowHerald	87909
1858.08.09_GlasgowHerald_0003	11684	1858.08.09_GlasgowHerald	87909
1858.08.09_GlasgowHerald_0004	10899	1858.08.09_GlasgowHerald	87909
1858.08.09_GlasgowHerald_0005	11233	1858.08.09_GlasgowHerald	87909
1858.08.09_GlasgowHerald_0006	11608	1858.08.09_GlasgowHerald	87909
1858.08.09_GlasgowHerald_0007	12351	1858.08.09_GlasgowHerald	87909
1858.08.09_GlasgowHerald_0008	9339	1858.08.09_GlasgowHerald	87909
1858.08.09_LiverpoolMercuryetc_0001	9506	1858.08.09_LiverpoolMercuryetc	52893
1858.08.09_LiverpoolMercuryetc_0002	14677	1858.08.09_LiverpoolMercuryetc	52893
1858.08.09_LiverpoolMercuryetc_0003	15540	1858.08.09_LiverpoolMercuryetc	52893
1858.08.09_LiverpoolMercuryetc_0004	13170	1858.08.09_LiverpoolMercuryetc	52893
1858.08.09_TheBelfastNews-Letter_0001	7923	1858.08.09_TheBelfastNews-Letter	45080
1858.08.09_TheBelfastNews-Letter_0002	10782	1858.08.09_TheBelfastNews-Letter	45080
1858.08.09_TheBelfastNews-Letter_0003	13004	1858.08.09_TheBelfastNews-Letter	45080
1858.08.09_TheBelfastNews-Letter_0004	13371	1858.08.09_TheBelfastNews-Letter	45080
1858.08.09_TheMorningChronicle_0001	10207	1858.08.09_TheMorningChronicle	78031
1858.08.09_TheMorningChronicle_0002	8787	1858.08.09_TheMorningChronicle	78031
1858.08.09_TheMorningChronicle_0003	9830	1858.08.09_TheMorningChronicle	78031
1858.08.09_TheMorningChronicle_0004	7539	1858.08.09_TheMorningChronicle	78031
1858.08.09_TheMorningChronicle_0005	8084	1858.08.09_TheMorningChronicle	78031
1858.08.09_TheMorningChronicle_0006	11283	1858.08.09_TheMorningChronicle	78031
1858.08.09_TheMorningChronicle_0007	11030	1858.08.09_TheMorningChronicle	78031
1858.08.09_TheMorningChronicle_0008	11271	1858.08.09_TheMorningChronicle	78031
1858.08.09_Times_0001	7535	1858.08.09_Times	108898
1858.08.09_Times_0002	6707	1858.08.09_Times	108898
1858.08.09_Times_0003	8063	1858.08.09_Times	108898
1858.08.09_Times_0004	11172	1858.08.09_Times	108898
1858.08.09_Times_0005	9679	1858.08.09_Times	108898
1858.08.09_Times_0006	19783	1858.08.09_Times	108898
1858.08.09_Times_0007	0	1858.08.09_Times	108898
1858.08.09_Times_0008	6680	1858.08.09_Times	108898
1858.08.09_Times_0009	10095	1858.08.09_Times	108898
1858.08.09_Times_0010	10762	1858.08.09_Times	108898
1858.08.09_Times_0011	8078	1858.08.09_Times	108898
1858.08.09_Times_0012	10344	1858.08.09_Times	108898
1858.08.10_BirminghamDailyPost_0001	9114	1858.08.10_BirminghamDailyPost	35148
1858.08.10_BirminghamDailyPost_0002	9300	1858.08.10_BirminghamDailyPost	35148
1858.08.10_BirminghamDailyPost_0003	7416	1858.08.10_BirminghamDailyPost	35148
1858.08.10_BirminghamDailyPost_0004	9318	1858.08.10_BirminghamDailyPost	35148
1858.08.10_CaledonianMercury_0001	8328	1858.08.10_CaledonianMercury	36170
1858.08.10_CaledonianMercury_0002	8312	1858.08.10_CaledonianMercury	36170
1858.08.10_CaledonianMercury_0003	8452	1858.08.10_CaledonianMercury	36170
1858.08.10_CaledonianMercury_0004	10655	1858.08.10_CaledonianMercury	36170
1858.08.10_CaledonianMercury_0005	423	1858.08.10_CaledonianMercury	36170
1858.08.10_DailyNews_0001	9170	1858.08.10_DailyNews	80547
1858.08.10_DailyNews_0002	10867	1858.08.10_DailyNews	80547
1858.08.10_DailyNews_0003	13113	1858.08.10_DailyNews	80547
1858.08.10_DailyNews_0004	8203	1858.08.10_DailyNews	80547
1858.08.10_DailyNews_0005	9907	1858.08.10_DailyNews	80547
1858.08.10_DailyNews_0006	10844	1858.08.10_DailyNews	80547
1858.08.10_DailyNews_0007	10272	1858.08.10_DailyNews	80547
1858.08.10_DailyNews_0008	8171	1858.08.10_DailyNews	80547
1858.08.10_Freeman'sJournalandDailyCommercialAdvertiser_0001	9607	1858.08.10_Freeman'sJournalandDailyCommercialAdvertiser	48114
1858.08.10_Freeman'sJournalandDailyCommercialAdvertiser_0002	10455	1858.08.10_Freeman'sJournalandDailyCommercialAdvertiser	48114
1858.08.10_Freeman'sJournalandDailyCommercialAdvertiser_0003	14382	1858.08.10_Freeman'sJournalandDailyCommercialAdvertiser	48114
1858.08.10_Freeman'sJournalandDailyCommercialAdvertiser_0004	13670	1858.08.10_Freeman'sJournalandDailyCommercialAdvertiser	48114
1858.08.10_LiverpoolMercuryetc_0001	9109	1858.08.10_LiverpoolMercuryetc	111785
1858.08.10_LiverpoolMercuryetc_0002	14518	1858.08.10_LiverpoolMercuryetc	111785
1858.08.10_LiverpoolMercuryetc_0003	15516	1858.08.10_LiverpoolMercuryetc	111785
1858.08.10_LiverpoolMercuryetc_0004	14121	1858.08.10_LiverpoolMercuryetc	111785
1858.08.10_LiverpoolMercuryetc_0005	15493	1858.08.10_LiverpoolMercuryetc	111785
1858.08.10_LiverpoolMercuryetc_0006	13676	1858.08.10_LiverpoolMercuryetc	111785
1858.08.10_LiverpoolMercuryetc_0007	15956	1858.08.10_LiverpoolMercuryetc	111785
1858.08.10_LiverpoolMercuryetc_0008	13396	1858.08.10_LiverpoolMercuryetc	111785
1858.08.10_TheBelfastNews-Letter_0001	8334	1858.08.10_TheBelfastNews-Letter	44389
1858.08.10_TheBelfastNews-Letter_0002	10739	1858.08.10_TheBelfastNews-Letter	44389
1858.08.10_TheBelfastNews-Letter_0003	12562	1858.08.10_TheBelfastNews-Letter	44389
1858.08.10_TheBelfastNews-Letter_0004	12754	1858.08.10_TheBelfastNews-Letter	44389
1858.08.10_TheLeedsMercury_0001	12942	1858.08.10_TheLeedsMercury	53831
1858.08.10_TheLeedsMercury_0002	12069	1858.08.10_TheLeedsMercury	53831
1858.08.10_TheLeedsMercury_0003	15343	1858.08.10_TheLeedsMercury	53831
1858.08.10_TheLeedsMercury_0004	13477	1858.08.10_TheLeedsMercury	53831
1858.08.10_TheMorningChronicle_0001	9654	1858.08.10_TheMorningChronicle	79427
1858.08.10_TheMorningChronicle_0002	7912	1858.08.10_TheMorningChronicle	79427
1858.08.10_TheMorningChronicle_0003	10600	1858.08.10_TheMorningChronicle	79427
1858.08.10_TheMorningChronicle_0004	8250	1858.08.10_TheMorningChronicle	79427
1858.08.10_TheMorningChronicle_0005	10549	1858.08.10_TheMorningChronicle	79427
1858.08.10_TheMorningChronicle_0006	11526	1858.08.10_TheMorningChronicle	79427
1858.08.10_TheMorningChronicle_0007	9672	1858.08.10_TheMorningChronicle	79427
1858.08.10_TheMorningChronicle_0008	11264	1858.08.10_TheMorningChronicle	79427
1858.08.10_Times_0001	8739	1858.08.10_Times	147642
1858.08.10_Times_0002	6983	1858.08.10_Times	147642
1858.08.10_Times_0003	8802	1858.08.10_Times	147642
1858.08.10_Times_0004	8502	1858.08.10_Times	147642
1858.08.10_Times_0005	9221	1858.08.10_Times	147642
1858.08.10_Times_0006	10792	1858.08.10_Times	147642
1858.08.10_Times_0007	7419	1858.08.10_Times	147642
1858.08.10_Times_0008	9455	1858.08.10_Times	147642
1858.08.10_Times_0009	9469	1858.08.10_Times	147642
1858.08.10_Times_0010	9495	1858.08.10_Times	147642
1858.08.10_Times_0011	11902	1858.08.10_Times	147642
1858.08.10_Times_0012	11131	1858.08.10_Times	147642
1858.08.10_Times_0013	7976	1858.08.10_Times	147642
1858.08.10_Times_0014	8316	1858.08.10_Times	147642
1858.08.10_Times_0015	9039	1858.08.10_Times	147642
1858.08.10_Times_0016	10401	1858.08.10_Times	147642
1858.08.11_BanerCymru_0001	2187	1858.08.11_BanerCymru	50520
1858.08.11_BanerCymru_0002	3059	1858.08.11_BanerCymru	50520
1858.08.11_BanerCymru_0003	3544	1858.08.11_BanerCymru	50520
1858.08.11_BanerCymru_0004	3244	1858.08.11_BanerCymru	50520
1858.08.11_BanerCymru_0005	3181	1858.08.11_BanerCymru	50520
1858.08.11_BanerCymru_0006	3253	1858.08.11_BanerCymru	50520
1858.08.11_BanerCymru_0007	3863	1858.08.11_BanerCymru	50520
1858.08.11_BanerCymru_0008	2835	1858.08.11_BanerCymru	50520
1858.08.11_BanerCymru_0009	2725	1858.08.11_BanerCymru	50520
1858.08.11_BanerCymru_0010	2810	1858.08.11_BanerCymru	50520
1858.08.11_BanerCymru_0011	3275	1858.08.11_BanerCymru	50520
1858.08.11_BanerCymru_0012	3691	1858.08.11_BanerCymru	50520
1858.08.11_BanerCymru_0013	3546	1858.08.11_BanerCymru	50520
1858.08.11_BanerCymru_0014	3149	1858.08.11_BanerCymru	50520
1858.08.11_BanerCymru_0015	3289	1858.08.11_BanerCymru	50520
1858.08.11_BanerCymru_0016	2869	1858.08.11_BanerCymru	50520
1858.08.11_BirminghamDailyPost_0001	8741	1858.08.11_BirminghamDailyPost	35174
1858.08.11_BirminghamDailyPost_0002	9431	1858.08.11_BirminghamDailyPost	35174
1858.08.11_BirminghamDailyPost_0003	7595	1858.08.11_BirminghamDailyPost	35174
1858.08.11_BirminghamDailyPost_0004	9407	1858.08.11_BirminghamDailyPost	35174
1858.08.11_CaledonianMercury_0001	7426	1858.08.11_CaledonianMercury	36420
1858.08.11_CaledonianMercury_0002	8457	1858.08.11_CaledonianMercury	36420
1858.08.11_CaledonianMercury_0003	8525	1858.08.11_CaledonianMercury	36420
1858.08.11_CaledonianMercury_0004	11022	1858.08.11_CaledonianMercury	36420
1858.08.11_CaledonianMercury_0005	990	1858.08.11_CaledonianMercury	36420
1858.08.11_DailyNews_0001	9005	1858.08.11_DailyNews	85055
1858.08.11_DailyNews_0002	11428	1858.08.11_DailyNews	85055
1858.08.11_DailyNews_0003	12400	1858.08.11_DailyNews	85055
1858.08.11_DailyNews_0004	9368	1858.08.11_DailyNews	85055
1858.08.11_DailyNews_0005	10021	1858.08.11_DailyNews	85055
1858.08.11_DailyNews_0006	12040	1858.08.11_DailyNews	85055
1858.08.11_DailyNews_0007	10945	1858.08.11_DailyNews	85055
1858.08.11_DailyNews_0008	9848	1858.08.11_DailyNews	85055
1858.08.11_Freeman'sJournalandDailyCommercialAdvertiser_0001	10089	1858.08.11_Freeman'sJournalandDailyCommercialAdvertiser	48906
1858.08.11_Freeman'sJournalandDailyCommercialAdvertiser_0002	11591	1858.08.11_Freeman'sJournalandDailyCommercialAdvertiser	48906
1858.08.11_Freeman'sJournalandDailyCommercialAdvertiser_0003	14022	1858.08.11_Freeman'sJournalandDailyCommercialAdvertiser	48906
1858.08.11_Freeman'sJournalandDailyCommercialAdvertiser_0004	13204	1858.08.11_Freeman'sJournalandDailyCommercialAdvertiser	48906
1858.08.11_GlasgowHerald_0001	8539	1858.08.11_GlasgowHerald	87743
1858.08.11_GlasgowHerald_0002	11626	1858.08.11_GlasgowHerald	87743
1858.08.11_GlasgowHerald_0003	10435	1858.08.11_GlasgowHerald	87743
1858.08.11_GlasgowHerald_0004	10795	1858.08.11_GlasgowHerald	87743
1858.08.11_GlasgowHerald_0005	11738	1858.08.11_GlasgowHerald	87743
1858.08.11_GlasgowHerald_0006	11680	1858.08.11_GlasgowHerald	87743
1858.08.11_GlasgowHerald_0007	12450	1858.08.11_GlasgowHerald	87743
1858.08.11_GlasgowHerald_0008	10480	1858.08.11_GlasgowHerald	87743
1858.08.11_LiverpoolMercuryetc_0001	9801	1858.08.11_LiverpoolMercuryetc	53134
1858.08.11_LiverpoolMercuryetc_0002	14646	1858.08.11_LiverpoolMercuryetc	53134
1858.08.11_LiverpoolMercuryetc_0003	15912	1858.08.11_LiverpoolMercuryetc	53134
1858.08.11_LiverpoolMercuryetc_0004	12775	1858.08.11_LiverpoolMercuryetc	53134
1858.08.11_TheAberdeenJournal_0001	8748	1858.08.11_TheAberdeenJournal	96701
1858.08.11_TheAberdeenJournal_0002	12046	1858.08.11_TheAberdeenJournal	96701
1858.08.11_TheAberdeenJournal_0003	14184	1858.08.11_TheAberdeenJournal	96701
1858.08.11_TheAberdeenJournal_0004	10092	1858.08.11_TheAberdeenJournal	96701
1858.08.11_TheAberdeenJournal_0005	12816	1858.08.11_TheAberdeenJournal	96701
1858.08.11_TheAberdeenJournal_0006	12975	1858.08.11_TheAberdeenJournal	96701
1858.08.11_TheAberdeenJournal_0007	13169	1858.08.11_TheAberdeenJournal	96701
1858.08.11_TheAberdeenJournal_0008	12671	1858.08.11_TheAberdeenJournal	96701
1858.08.11_TheBelfastNews-Letter_0001	8879	1858.08.11_TheBelfastNews-Letter	46643
1858.08.11_TheBelfastNews-Letter_0002	11081	1858.08.11_TheBelfastNews-Letter	46643
1858.08.11_TheBelfastNews-Letter_0003	13072	1858.08.11_TheBelfastNews-Letter	46643
1858.08.11_TheBelfastNews-Letter_0004	13611	1858.08.11_TheBelfastNews-Letter	46643
1858.08.11_TheDerbyMercury_0001	8497	1858.08.11_TheDerbyMercury	96965
1858.08.11_TheDerbyMercury_0002	13885	1858.08.11_TheDerbyMercury	96965
1858.08.11_TheDerbyMercury_0003	12341	1858.08.11_TheDerbyMercury	96965
1858.08.11_TheDerbyMercury_0004	9084	1858.08.11_TheDerbyMercury	96965
1858.08.11_TheDerbyMercury_0005	12286	1858.08.11_TheDerbyMercury	96965
1858.08.11_TheDerbyMercury_0006	13435	1858.08.11_TheDerbyMercury	96965
1858.08.11_TheDerbyMercury_0007	13935	1858.08.11_TheDerbyMercury	96965
1858.08.11_TheDerbyMercury_0008	13502	1858.08.11_TheDerbyMercury	96965
1858.08.11_TheMorningChronicle_0001	10735	1858.08.11_TheMorningChronicle	82000
1858.08.11_TheMorningChronicle_0002	8974	1858.08.11_TheMorningChronicle	82000
1858.08.11_TheMorningChronicle_0003	10361	1858.08.11_TheMorningChronicle	82000
1858.08.11_TheMorningChronicle_0004	8062	1858.08.11_TheMorningChronicle	82000
1858.08.11_TheMorningChronicle_0005	9038	1858.08.11_TheMorningChronicle	82000
1858.08.11_TheMorningChronicle_0006	11864	1858.08.11_TheMorningChronicle	82000
1858.08.11_TheMorningChronicle_0007	11619	1858.08.11_TheMorningChronicle	82000
1858.08.11_TheMorningChronicle_0008	11347	1858.08.11_TheMorningChronicle	82000
1858.08.11_Times_0001	6874	1858.08.11_Times	105643
1858.08.11_Times_0002	6300	1858.08.11_Times	105643
1858.08.11_Times_0003	8746	1858.08.11_Times	105643
1858.08.11_Times_0004	10239	1858.08.11_Times	105643
1858.08.11_Times_0005	8297	1858.08.11_Times	105643
1858.08.11_Times_0006	8612	1858.08.11_Times	105643
1858.08.11_Times_0007	9500	1858.08.11_Times	105643
1858.08.11_Times_0008	9589	1858.08.11_Times	105643
1858.08.11_Times_0009	15852	1858.08.11_Times	105643
1858.08.11_Times_0010	7316	1858.08.11_Times	105643
1858.08.11_Times_0011	6371	1858.08.11_Times	105643
1858.08.11_Times_0012	7947	1858.08.11_Times	105643
1858.08.12_BirminghamDailyPost_0001	9324	1858.08.12_BirminghamDailyPost	34585
1858.08.12_BirminghamDailyPost_0002	9106	1858.08.12_BirminghamDailyPost	34585
1858.08.12_BirminghamDailyPost_0003	6418	1858.08.12_BirminghamDailyPost	34585
1858.08.12_BirminghamDailyPost_0004	9737	1858.08.12_BirminghamDailyPost	34585
1858.08.12_CaledonianMercury_0001	7784	1858.08.12_CaledonianMercury	36271
1858.08.12_CaledonianMercury_0002	8511	1858.08.12_CaledonianMercury	36271
1858.08.12_CaledonianMercury_0003	9059	1858.08.12_CaledonianMercury	36271
1858.08.12_CaledonianMercury_0004	10633	1858.08.12_CaledonianMercury	36271
1858.08.12_CaledonianMercury_0005	284	1858.08.12_CaledonianMercury	36271
1858.08.12_DailyNews_0001	8528	1858.08.12_DailyNews	83559
1858.08.12_DailyNews_0002	12194	1858.08.12_DailyNews	83559
1858.08.12_DailyNews_0003	11937	1858.08.12_DailyNews	83559
1858.08.12_DailyNews_0004	8424	1858.08.12_DailyNews	83559
1858.08.12_DailyNews_0005	10428	1858.08.12_DailyNews	83559
1858.08.12_DailyNews_0006	11834	1858.08.12_DailyNews	83559
1858.08.12_DailyNews_0007	12236	1858.08.12_DailyNews	83559
1858.08.12_DailyNews_0008	7978	1858.08.12_DailyNews	83559
1858.08.12_Freeman'sJournalandDailyCommercialAdvertiser_0001	9238	1858.08.12_Freeman'sJournalandDailyCommercialAdvertiser	50288
1858.08.12_Freeman'sJournalandDailyCommercialAdvertiser_0002	11980	1858.08.12_Freeman'sJournalandDailyCommercialAdvertiser	50288
1858.08.12_Freeman'sJournalandDailyCommercialAdvertiser_0003	15561	1858.08.12_Freeman'sJournalandDailyCommercialAdvertiser	50288
1858.08.12_Freeman'sJournalandDailyCommercialAdvertiser_0004	13509	1858.08.12_Freeman'sJournalandDailyCommercialAdvertiser	50288
1858.08.12_LiverpoolMercuryetc_0001	9914	1858.08.12_LiverpoolMercuryetc	52695
1858.08.12_LiverpoolMercuryetc_0002	14177	1858.08.12_LiverpoolMercuryetc	52695
1858.08.12_LiverpoolMercuryetc_0003	15396	1858.08.12_LiverpoolMercuryetc	52695
1858.08.12_LiverpoolMercuryetc_0004	13208	1858.08.12_LiverpoolMercuryetc	52695
1858.08.12_TheBelfastNews-Letter_0001	8338	1858.08.12_TheBelfastNews-Letter	44849
1858.08.12_TheBelfastNews-Letter_0002	10649	1858.08.12_TheBelfastNews-Letter	44849
1858.08.12_TheBelfastNews-Letter_0003	12549	1858.08.12_TheBelfastNews-Letter	44849
1858.08.12_TheBelfastNews-Letter_0004	13313	1858.08.12_TheBelfastNews-Letter	44849
1858.08.12_TheLeedsMercury_0001	13041	1858.08.12_TheLeedsMercury	53633
1858.08.12_TheLeedsMercury_0002	12225	1858.08.12_TheLeedsMercury	53633
1858.08.12_TheLeedsMercury_0003	14552	1858.08.12_TheLeedsMercury	53633
1858.08.12_TheLeedsMercury_0004	13815	1858.08.12_TheLeedsMercury	53633
1858.08.12_TheMorningChronicle_0001	10412	1858.08.12_TheMorningChronicle	81938
1858.08.12_TheMorningChronicle_0002	8617	1858.08.12_TheMorningChronicle	81938
1858.08.12_TheMorningChronicle_0003	11617	1858.08.12_TheMorningChronicle	81938
1858.08.12_TheMorningChronicle_0004	8178	1858.08.12_TheMorningChronicle	81938
1858.08.12_TheMorningChronicle_0005	9072	1858.08.12_TheMorningChronicle	81938
1858.08.12_TheMorningChronicle_0006	12231	1858.08.12_TheMorningChronicle	81938
1858.08.12_TheMorningChronicle_0007	10192	1858.08.12_TheMorningChronicle	81938
1858.08.12_TheMorningChronicle_0008	11619	1858.08.12_TheMorningChronicle	81938
1858.08.12_Times_0001	7515	1858.08.12_Times	141462
1858.08.12_Times_0002	9042	1858.08.12_Times	141462
1858.08.12_Times_0003	7407	1858.08.12_Times	141462
1858.08.12_Times_0004	8325	1858.08.12_Times	141462
1858.08.12_Times_0005	7018	1858.08.12_Times	141462
1858.08.12_Times_0006	9396	1858.08.12_Times	141462
1858.08.12_Times_0007	11245	1858.08.12_Times	141462
1858.08.12_Times_0008	8248	1858.08.12_Times	141462
1858.08.12_Times_0009	10181	1858.08.12_Times	141462
1858.08.12_Times_0010	10363	1858.08.12_Times	141462
1858.08.12_Times_0011	9260	1858.08.12_Times	141462
1858.08.12_Times_0012	11564	1858.08.12_Times	141462
1858.08.12_Times_0013	7953	1858.08.12_Times	141462
1858.08.12_Times_0014	7860	1858.08.12_Times	141462
1858.08.12_Times_0015	7584	1858.08.12_Times	141462
1858.08.12_Times_0016	8501	1858.08.12_Times	141462
1858.08.12_Trewman'sExeterFlyingPostorPlymouthandCornishAdvertiser_0001	9276	1858.08.12_Trewman'sExeterFlyingPostorPlymouthandCornishAdvertiser	86481
1858.08.12_Trewman'sExeterFlyingPostorPlymouthandCornishAdvertiser_0002	11499	1858.08.12_Trewman'sExeterFlyingPostorPlymouthandCornishAdvertiser	86481
1858.08.12_Trewman'sExeterFlyingPostorPlymouthandCornishAdvertiser_0003	12440	1858.08.12_Trewman'sExeterFlyingPostorPlymouthandCornishAdvertiser	86481
1858.08.12_Trewman'sExeterFlyingPostorPlymouthandCornishAdvertiser_0004	6282	1858.08.12_Trewman'sExeterFlyingPostorPlymouthandCornishAdvertiser	86481
1858.08.12_Trewman'sExeterFlyingPostorPlymouthandCornishAdvertiser_0005	10135	1858.08.12_Trewman'sExeterFlyingPostorPlymouthandCornishAdvertiser	86481
1858.08.12_Trewman'sExeterFlyingPostorPlymouthandCornishAdvertiser_0006	12323	1858.08.12_Trewman'sExeterFlyingPostorPlymouthandCornishAdvertiser	86481
1858.08.12_Trewman'sExeterFlyingPostorPlymouthandCornishAdvertiser_0007	12567	1858.08.12_Trewman'sExeterFlyingPostorPlymouthandCornishAdvertiser	86481
1858.08.12_Trewman'sExeterFlyingPostorPlymouthandCornishAdvertiser_0008	11959	1858.08.12_Trewman'sExeterFlyingPostorPlymouthandCornishAdvertiser	86481
1858.08.13_BirminghamDailyPost_0001	8901	1858.08.13_BirminghamDailyPost	33496
1858.08.13_BirminghamDailyPost_0002	9347	1858.08.13_BirminghamDailyPost	33496
1858.08.13_BirminghamDailyPost_0003	6750	1858.08.13_BirminghamDailyPost	33496
1858.08.13_BirminghamDailyPost_0004	8498	1858.08.13_BirminghamDailyPost	33496
1858.08.13_CaledonianMercury_0001	7337	1858.08.13_CaledonianMercury	35514
1858.08.13_CaledonianMercury_0002	8209	1858.08.13_CaledonianMercury	35514
1858.08.13_CaledonianMercury_0003	9170	1858.08.13_CaledonianMercury	35514
1858.08.13_CaledonianMercury_0004	10716	1858.08.13_CaledonianMercury	35514
1858.08.13_CaledonianMercury_0005	82	1858.08.13_CaledonianMercury	35514
1858.08.13_DailyNews_0001	8358	1858.08.13_DailyNews	80498
1858.08.13_DailyNews_0002	11543	1858.08.13_DailyNews	80498
1858.08.13_DailyNews_0003	11292	1858.08.13_DailyNews	80498
1858.08.13_DailyNews_0004	8278	1858.08.13_DailyNews	80498
1858.08.13_DailyNews_0005	9675	1858.08.13_DailyNews	80498
1858.08.13_DailyNews_0006	11188	1858.08.13_DailyNews	80498
1858.08.13_DailyNews_0007	11599	1858.08.13_DailyNews	80498
1858.08.13_DailyNews_0008	8565	1858.08.13_DailyNews	80498
1858.08.13_Freeman'sJournalandDailyCommercialAdvertiser_0001	9501	1858.08.13_Freeman'sJournalandDailyCommercialAdvertiser	50460
1858.08.13_Freeman'sJournalandDailyCommercialAdvertiser_0002	12606	1858.08.13_Freeman'sJournalandDailyCommercialAdvertiser	50460
1858.08.13_Freeman'sJournalandDailyCommercialAdvertiser_0003	14851	1858.08.13_Freeman'sJournalandDailyCommercialAdvertiser	50460
1858.08.13_Freeman'sJournalandDailyCommercialAdvertiser_0004	13502	1858.08.13_Freeman'sJournalandDailyCommercialAdvertiser	50460
1858.08.13_GlasgowHerald_0001	8533	1858.08.13_GlasgowHerald	88468
1858.08.13_GlasgowHerald_0002	11441	1858.08.13_GlasgowHerald	88468
1858.08.13_GlasgowHerald_0003	12365	1858.08.13_GlasgowHerald	88468
1858.08.13_GlasgowHerald_0004	10653	1858.08.13_GlasgowHerald	88468
1858.08.13_GlasgowHerald_0005	11347	1858.08.13_GlasgowHerald	88468
1858.08.13_GlasgowHerald_0006	12966	1858.08.13_GlasgowHerald	88468
1858.08.13_GlasgowHerald_0007	11347	1858.08.13_GlasgowHerald	88468
1858.08.13_GlasgowHerald_0008	9816	1858.08.13_GlasgowHerald	88468
1858.08.13_LiverpoolMercuryetc_0001	9708	1858.08.13_LiverpoolMercuryetc	113581
1858.08.13_LiverpoolMercuryetc_0002	15671	1858.08.13_LiverpoolMercuryetc	113581
1858.08.13_LiverpoolMercuryetc_0003	12399	1858.08.13_LiverpoolMercuryetc	113581
1858.08.13_LiverpoolMercuryetc_0004	15131	1858.08.13_LiverpoolMercuryetc	113581
1858.08.13_LiverpoolMercuryetc_0005	17268	1858.08.13_LiverpoolMercuryetc	113581
1858.08.13_LiverpoolMercuryetc_0006	13809	1858.08.13_LiverpoolMercuryetc	113581
1858.08.13_LiverpoolMercuryetc_0007	15661	1858.08.13_LiverpoolMercuryetc	113581
1858.08.13_LiverpoolMercuryetc_0008	13934	1858.08.13_LiverpoolMercuryetc	113581
1858.08.13_TheBelfastNews-Letter_0001	12097	1858.08.13_TheBelfastNews-Letter	45108
1858.08.13_TheBelfastNews-Letter_0002	13231	1858.08.13_TheBelfastNews-Letter	45108
1858.08.13_TheBelfastNews-Letter_0003	10380	1858.08.13_TheBelfastNews-Letter	45108
1858.08.13_TheBelfastNews-Letter_0004	9400	1858.08.13_TheBelfastNews-Letter	45108
1858.08.13_TheHullPacketandEastRidingTimes_0001	6295	1858.08.13_TheHullPacketandEastRidingTimes	92773
1858.08.13_TheHullPacketandEastRidingTimes_0002	13843	1858.08.13_TheHullPacketandEastRidingTimes	92773
1858.08.13_TheHullPacketandEastRidingTimes_0003	13426	1858.08.13_TheHullPacketandEastRidingTimes	92773
1858.08.13_TheHullPacketandEastRidingTimes_0004	9073	1858.08.13_TheHullPacketandEastRidingTimes	92773
1858.08.13_TheHullPacketandEastRidingTimes_0005	11553	1858.08.13_TheHullPacketandEastRidingTimes	92773
1858.08.13_TheHullPacketandEastRidingTimes_0006	13260	1858.08.13_TheHullPacketandEastRidingTimes	92773
1858.08.13_TheHullPacketandEastRidingTimes_0007	12246	1858.08.13_TheHullPacketandEastRidingTimes	92773
1858.08.13_TheHullPacketandEastRidingTimes_0008	13077	1858.08.13_TheHullPacketandEastRidingTimes	92773
1858.08.13_TheMorningChronicle_0001	9666	1858.08.13_TheMorningChronicle	80743
1858.08.13_TheMorningChronicle_0002	8812	1858.08.13_TheMorningChronicle	80743
1858.08.13_TheMorningChronicle_0003	10846	1858.08.13_TheMorningChronicle	80743
1858.08.13_TheMorningChronicle_0004	8252	1858.08.13_TheMorningChronicle	80743
1858.08.13_TheMorningChronicle_0005	8826	1858.08.13_TheMorningChronicle	80743
1858.08.13_TheMorningChronicle_0006	12654	1858.08.13_TheMorningChronicle	80743
1858.08.13_TheMorningChronicle_0007	9770	1858.08.13_TheMorningChronicle	80743
1858.08.13_TheMorningChronicle_0008	11917	1858.08.13_TheMorningChronicle	80743
1858.08.13_TheNewcastleCourantetc_0001	9100	1858.08.13_TheNewcastleCourantetc	103628
1858.08.13_TheNewcastleCourantetc_0002	13309	1858.08.13_TheNewcastleCourantetc	103628
1858.08.13_TheNewcastleCourantetc_0003	14474	1858.08.13_TheNewcastleCourantetc	103628
1858.08.13_TheNewcastleCourantetc_0004	9723	1858.08.13_TheNewcastleCourantetc	103628
1858.08.13_TheNewcastleCourantetc_0005	14451	1858.08.13_TheNewcastleCourantetc	103628
1858.08.13_TheNewcastleCourantetc_0006	14911	1858.08.13_TheNewcastleCourantetc	103628
1858.08.13_TheNewcastleCourantetc_0007	15110	1858.08.13_TheNewcastleCourantetc	103628
1858.08.13_TheNewcastleCourantetc_0008	12550	1858.08.13_TheNewcastleCourantetc	103628
1858.08.13_Times_0001	8376	1858.08.13_Times	105756
1858.08.13_Times_0002	8699	1858.08.13_Times	105756
1858.08.13_Times_0003	8592	1858.08.13_Times	105756
1858.08.13_Times_0004	8832	1858.08.13_Times	105756
1858.08.13_Times_0005	9664	1858.08.13_Times	105756
1858.08.13_Times_0006	8864	1858.08.13_Times	105756
1858.08.13_Times_0007	7616	1858.08.13_Times	105756
1858.08.13_Times_0008	8739	1858.08.13_Times	105756
1858.08.13_Times_0009	10049	1858.08.13_Times	105756
1858.08.13_Times_0010	10235	1858.08.13_Times	105756
1858.08.13_Times_0011	7853	1858.08.13_Times	105756
1858.08.13_Times_0012	8237	1858.08.13_Times	105756
1858.08.14_CaledonianMercury_0001	7454	1858.08.14_CaledonianMercury	35666
1858.08.14_CaledonianMercury_0002	8356	1858.08.14_CaledonianMercury	35666
1858.08.14_CaledonianMercury_0003	8640	1858.08.14_CaledonianMercury	35666
1858.08.14_CaledonianMercury_0004	10545	1858.08.14_CaledonianMercury	35666
1858.08.14_CaledonianMercury_0005	671	1858.08.14_CaledonianMercury	35666
1858.08.14_DailyNews_0001	7466	1858.08.14_DailyNews	80749
1858.08.14_DailyNews_0002	12869	1858.08.14_DailyNews	80749
1858.08.14_DailyNews_0003	11415	1858.08.14_DailyNews	80749
1858.08.14_DailyNews_0004	8256	1858.08.14_DailyNews	80749
1858.08.14_DailyNews_0005	9160	1858.08.14_DailyNews	80749
1858.08.14_DailyNews_0006	11770	1858.08.14_DailyNews	80749
1858.08.14_DailyNews_0007	10469	1858.08.14_DailyNews	80749
1858.08.14_DailyNews_0008	9344	1858.08.14_DailyNews	80749
1858.08.14_Freeman'sJournalandDailyCommercialAdvertiser_0001	9461	1858.08.14_Freeman'sJournalandDailyCommercialAdvertiser	48061
1858.08.14_Freeman'sJournalandDailyCommercialAdvertiser_0002	10902	1858.08.14_Freeman'sJournalandDailyCommercialAdvertiser	48061
1858.08.14_Freeman'sJournalandDailyCommercialAdvertiser_0003	13921	1858.08.14_Freeman'sJournalandDailyCommercialAdvertiser	48061
1858.08.14_Freeman'sJournalandDailyCommercialAdvertiser_0004	13777	1858.08.14_Freeman'sJournalandDailyCommercialAdvertiser	48061
1858.08.14_HampshireTelegraphandSussexChronicleetc_0001	9123	1858.08.14_HampshireTelegraphandSussexChronicleetc	86762
1858.08.14_HampshireTelegraphandSussexChronicleetc_0002	9285	1858.08.14_HampshireTelegraphandSussexChronicleetc	86762
1858.08.14_HampshireTelegraphandSussexChronicleetc_0003	11362	1858.08.14_HampshireTelegraphandSussexChronicleetc	86762
1858.08.14_HampshireTelegraphandSussexChronicleetc_0004	10934	1858.08.14_HampshireTelegraphandSussexChronicleetc	86762
1858.08.14_HampshireTelegraphandSussexChronicleetc_0005	12327	1858.08.14_HampshireTelegraphandSussexChronicleetc	86762
1858.08.14_HampshireTelegraphandSussexChronicleetc_0006	11168	1858.08.14_HampshireTelegraphandSussexChronicleetc	86762
1858.08.14_HampshireTelegraphandSussexChronicleetc_0007	12258	1858.08.14_HampshireTelegraphandSussexChronicleetc	86762
1858.08.14_HampshireTelegraphandSussexChronicleetc_0008	10305	1858.08.14_HampshireTelegraphandSussexChronicleetc	86762
1858.08.14_Jackson'sOxfordJournal_0001	7307	1858.08.14_Jackson'sOxfordJournal	88543
1858.08.14_Jackson'sOxfordJournal_0002	10580	1858.08.14_Jackson'sOxfordJournal	88543
1858.08.14_Jackson'sOxfordJournal_0003	12143	1858.08.14_Jackson'sOxfordJournal	88543
1858.08.14_Jackson'sOxfordJournal_0004	10519	1858.08.14_Jackson'sOxfordJournal	88543
1858.08.14_Jackson'sOxfordJournal_0005	11647	1858.08.14_Jackson'sOxfordJournal	88543
1858.08.14_Jackson'sOxfordJournal_0006	12182	1858.08.14_Jackson'sOxfordJournal	88543
1858.08.14_Jackson'sOxfordJournal_0007	11363	1858.08.14_Jackson'sOxfordJournal	88543
1858.08.14_Jackson'sOxfordJournal_0008	12802	1858.08.14_Jackson'sOxfordJournal	88543
1858.08.14_LiverpoolMercuryetc_0001	10194	1858.08.14_LiverpoolMercuryetc	172630
1858.08.14_LiverpoolMercuryetc_0002	15602	1858.08.14_LiverpoolMercuryetc	172630
1858.08.14_LiverpoolMercuryetc_0003	15616	1858.08.14_LiverpoolMercuryetc	172630
1858.08.14_LiverpoolMercuryetc_0004	13456	1858.08.14_LiverpoolMercuryetc	172630
1858.08.14_LiverpoolMercuryetc_0005	12285	1858.08.14_LiverpoolMercuryetc	172630
1858.08.14_LiverpoolMercuryetc_0006	12663	1858.08.14_LiverpoolMercuryetc	172630
1858.08.14_LiverpoolMercuryetc_0007	15749	1858.08.14_LiverpoolMercuryetc	172630
1858.08.14_LiverpoolMercuryetc_0008	14679	1858.08.14_LiverpoolMercuryetc	172630
1858.08.14_LiverpoolMercuryetc_0009	16160	1858.08.14_LiverpoolMercuryetc	172630
1858.08.14_LiverpoolMercuryetc_0010	15843	1858.08.14_LiverpoolMercuryetc	172630
1858.08.14_LiverpoolMercuryetc_0011	17333	1858.08.14_LiverpoolMercuryetc	172630
1858.08.14_LiverpoolMercuryetc_0012	13050	1858.08.14_LiverpoolMercuryetc	172630
1858.08.14_ManchesterTimes_0001	10065	1858.08.14_ManchesterTimes	99829
1858.08.14_ManchesterTimes_0002	13364	1858.08.14_ManchesterTimes	99829
1858.08.14_ManchesterTimes_0003	13176	1858.08.14_ManchesterTimes	99829
1858.08.14_ManchesterTimes_0004	10923	1858.08.14_ManchesterTimes	99829
1858.08.14_ManchesterTimes_0005	12886	1858.08.14_ManchesterTimes	99829
1858.08.14_ManchesterTimes_0006	13312	1858.08.14_ManchesterTimes	99829
1858.08.14_ManchesterTimes_0007	13085	1858.08.14_ManchesterTimes	99829
1858.08.14_ManchesterTimes_0008	13018	1858.08.14_ManchesterTimes	99829
1858.08.14_NorthWalesChronicle_0001	8474	1858.08.14_NorthWalesChronicle	83309
1858.08.14_NorthWalesChronicle_0002	11124	1858.08.14_NorthWalesChronicle	83309
1858.08.14_NorthWalesChronicle_0003	9800	1858.08.14_NorthWalesChronicle	83309
1858.08.14_NorthWalesChronicle_0004	10640	1858.08.14_NorthWalesChronicle	83309
1858.08.14_NorthWalesChronicle_0005	10814	1858.08.14_NorthWalesChronicle	83309
1858.08.14_NorthWalesChronicle_0006	10786	1858.08.14_NorthWalesChronicle	83309
1858.08.14_NorthWalesChronicle_0007	11699	1858.08.14_NorthWalesChronicle	83309
1858.08.14_NorthWalesChronicle_0008	9972	1858.08.14_NorthWalesChronicle	83309
1858.08.14_TheBelfastNews-Letter_0001	8887	1858.08.14_TheBelfastNews-Letter	46574
1858.08.14_TheBelfastNews-Letter_0002	11019	1858.08.14_TheBelfastNews-Letter	46574
1858.08.14_TheBelfastNews-Letter_0003	12876	1858.08.14_TheBelfastNews-Letter	46574
1858.08.14_TheBelfastNews-Letter_0004	13792	1858.08.14_TheBelfastNews-Letter	46574
1858.08.14_TheBristolMercury_0001	10272	1858.08.14_TheBristolMercury	98075
1858.08.14_TheBristolMercury_0002	12738	1858.08.14_TheBristolMercury	98075
1858.08.14_TheBristolMercury_0003	8876	1858.08.14_TheBristolMercury	98075
1858.08.14_TheBristolMercury_0004	14120	1858.08.14_TheBristolMercury	98075
1858.08.14_TheBristolMercury_0005	10354	1858.08.14_TheBristolMercury	98075
1858.08.14_TheBristolMercury_0006	14050	1858.08.14_TheBristolMercury	98075
1858.08.14_TheBristolMercury_0007	14277	1858.08.14_TheBristolMercury	98075
1858.08.14_TheBristolMercury_0008	13388	1858.08.14_TheBristolMercury	98075
1858.08.14_TheExaminer_0001	3022	1858.08.14_TheExaminer	63034
1858.08.14_TheExaminer_0002	3172	1858.08.14_TheExaminer	63034
1858.08.14_TheExaminer_0003	2978	1858.08.14_TheExaminer	63034
1858.08.14_TheExaminer_0004	3524	1858.08.14_TheExaminer	63034
1858.08.14_TheExaminer_0005	3563	1858.08.14_TheExaminer	63034
1858.08.14_TheExaminer_0006	4210	1858.08.14_TheExaminer	63034
1858.08.14_TheExaminer_0007	4191	1858.08.14_TheExaminer	63034
1858.08.14_TheExaminer_0008	4293	1858.08.14_TheExaminer	63034
1858.08.14_TheExaminer_0009	4363	1858.08.14_TheExaminer	63034
1858.08.14_TheExaminer_0010	4174	1858.08.14_TheExaminer	63034
1858.08.14_TheExaminer_0011	3877	1858.08.14_TheExaminer	63034
1858.08.14_TheExaminer_0012	4240	1858.08.14_TheExaminer	63034
1858.08.14_TheExaminer_0013	4239	1858.08.14_TheExaminer	63034
1858.08.14_TheExaminer_0014	4828	1858.08.14_TheExaminer	63034
1858.08.14_TheExaminer_0015	4929	1858.08.14_TheExaminer	63034
1858.08.14_TheExaminer_0016	3431	1858.08.14_TheExaminer	63034
1858.08.14_TheIpswichJournal_0001	11893	1858.08.14_TheIpswichJournal	68148
1858.08.14_TheIpswichJournal_0002	15525	1858.08.14_TheIpswichJournal	68148
1858.08.14_TheIpswichJournal_0003	20450	1858.08.14_TheIpswichJournal	68148
1858.08.14_TheIpswichJournal_0004	20280	1858.08.14_TheIpswichJournal	68148
1858.08.14_TheLeedsMercury_0001	9794	1858.08.14_TheLeedsMercury	101261
1858.08.14_TheLeedsMercury_0002	14701	1858.08.14_TheLeedsMercury	101261
1858.08.14_TheLeedsMercury_0003	12864	1858.08.14_TheLeedsMercury	101261
1858.08.14_TheLeedsMercury_0004	11112	1858.08.14_TheLeedsMercury	101261
1858.08.14_TheLeedsMercury_0005	13527	1858.08.14_TheLeedsMercury	101261
1858.08.14_TheLeedsMercury_0006	12922	1858.08.14_TheLeedsMercury	101261
1858.08.14_TheLeedsMercury_0007	13379	1858.08.14_TheLeedsMercury	101261
1858.08.14_TheLeedsMercury_0008	12962	1858.08.14_TheLeedsMercury	101261
1858.08.14_TheMorningChronicle_0001	9726	1858.08.14_TheMorningChronicle	80593
1858.08.14_TheMorningChronicle_0002	8883	1858.08.14_TheMorningChronicle	80593
1858.08.14_TheMorningChronicle_0003	10582	1858.08.14_TheMorningChronicle	80593
1858.08.14_TheMorningChronicle_0004	8084	1858.08.14_TheMorningChronicle	80593
1858.08.14_TheMorningChronicle_0005	9866	1858.08.14_TheMorningChronicle	80593
1858.08.14_TheMorningChronicle_0006	11705	1858.08.14_TheMorningChronicle	80593
1858.08.14_TheMorningChronicle_0007	10203	1858.08.14_TheMorningChronicle	80593
1858.08.14_TheMorningChronicle_0008	11544	1858.08.14_TheMorningChronicle	80593
1858.08.14_ThePrestonGuardianetc_0001	8566	1858.08.14_ThePrestonGuardianetc	94610
1858.08.14_ThePrestonGuardianetc_0002	14416	1858.08.14_ThePrestonGuardianetc	94610
1858.08.14_ThePrestonGuardianetc_0003	12860	1858.08.14_ThePrestonGuardianetc	94610
1858.08.14_ThePrestonGuardianetc_0004	11355	1858.08.14_ThePrestonGuardianetc	94610
1858.08.14_ThePrestonGuardianetc_0005	12859	1858.08.14_ThePrestonGuardianetc	94610
1858.08.14_ThePrestonGuardianetc_0006	13025	1858.08.14_ThePrestonGuardianetc	94610
1858.08.14_ThePrestonGuardianetc_0007	11806	1858.08.14_ThePrestonGuardianetc	94610
1858.08.14_ThePrestonGuardianetc_0008	9723	1858.08.14_ThePrestonGuardianetc	94610
1858.08.14_Times_0001	8149	1858.08.14_Times	110467
1858.08.14_Times_0002	7914	1858.08.14_Times	110467
1858.08.14_Times_0003	7691	1858.08.14_Times	110467
1858.08.14_Times_0004	9293	1858.08.14_Times	110467
1858.08.14_Times_0005	13065	1858.08.14_Times	110467
1858.08.14_Times_0006	4910	1858.08.14_Times	110467
1858.08.14_Times_0007	8490	1858.08.14_Times	110467
1858.08.14_Times_0008	9296	1858.08.14_Times	110467
1858.08.14_Times_0009	11746	1858.08.14_Times	110467
1858.08.14_Times_0010	9475	1858.08.14_Times	110467
1858.08.14_Times_0011	8764	1858.08.14_Times	110467
1858.08.14_Times_0012	11674	1858.08.14_Times	110467
1858.08.15_Lloyd'sWeeklyNewspaper_0001	6431	1858.08.15_Lloyd'sWeeklyNewspaper	89889
1858.08.15_Lloyd'sWeeklyNewspaper_0002	7759	1858.08.15_Lloyd'sWeeklyNewspaper	89889
1858.08.15_Lloyd'sWeeklyNewspaper_0003	7868	1858.08.15_Lloyd'sWeeklyNewspaper	89889
1858.08.15_Lloyd'sWeeklyNewspaper_0004	7821	1858.08.15_Lloyd'sWeeklyNewspaper	89889
1858.08.15_Lloyd'sWeeklyNewspaper_0005	7674	1858.08.15_Lloyd'sWeeklyNewspaper	89889
1858.08.15_Lloyd'sWeeklyNewspaper_0006	6503	1858.08.15_Lloyd'sWeeklyNewspaper	89889
1858.08.15_Lloyd'sWeeklyNewspaper_0007	7913	1858.08.15_Lloyd'sWeeklyNewspaper	89889
1858.08.15_Lloyd'sWeeklyNewspaper_0008	9177	1858.08.15_Lloyd'sWeeklyNewspaper	89889
1858.08.15_Lloyd'sWeeklyNewspaper_0009	6993	1858.08.15_Lloyd'sWeeklyNewspaper	89889
1858.08.15_Lloyd'sWeeklyNewspaper_0010	6715	1858.08.15_Lloyd'sWeeklyNewspaper	89889
1858.08.15_Lloyd'sWeeklyNewspaper_0011	7628	1858.08.15_Lloyd'sWeeklyNewspaper	89889
1858.08.15_Lloyd'sWeeklyNewspaper_0012	7407	1858.08.15_Lloyd'sWeeklyNewspaper	89889
1858.08.15_Reynolds'sNewspaper_0001	4875	1858.08.15_Reynolds'sNewspaper	69007
1858.08.15_Reynolds'sNewspaper_0002	6212	1858.08.15_Reynolds'sNewspaper	69007
1858.08.15_Reynolds'sNewspaper_0003	4444	1858.08.15_Reynolds'sNewspaper	69007
1858.08.15_Reynolds'sNewspaper_0004	6343	1858.08.15_Reynolds'sNewspaper	69007
1858.08.15_Reynolds'sNewspaper_0005	6061	1858.08.15_Reynolds'sNewspaper	69007
1858.08.15_Reynolds'sNewspaper_0006	5132	1858.08.15_Reynolds'sNewspaper	69007
1858.08.15_Reynolds'sNewspaper_0007	5263	1858.08.15_Reynolds'sNewspaper	69007
1858.08.15_Reynolds'sNewspaper_0008	3184	1858.08.15_Reynolds'sNewspaper	69007
1858.08.15_Reynolds'sNewspaper_0009	4963	1858.08.15_Reynolds'sNewspaper	69007
1858.08.15_Reynolds'sNewspaper_0010	2192	1858.08.15_Reynolds'sNewspaper	69007
1858.08.15_Reynolds'sNewspaper_0011	1876	1858.08.15_Reynolds'sNewspaper	69007
1858.08.15_Reynolds'sNewspaper_0012	4931	1858.08.15_Reynolds'sNewspaper	69007
1858.08.15_Reynolds'sNewspaper_0013	4153	1858.08.15_Reynolds'sNewspaper	69007
1858.08.15_Reynolds'sNewspaper_0014	1896	1858.08.15_Reynolds'sNewspaper	69007
1858.08.15_Reynolds'sNewspaper_0015	1727	1858.08.15_Reynolds'sNewspaper	69007
1858.08.15_Reynolds'sNewspaper_0016	5755	1858.08.15_Reynolds'sNewspaper	69007
1858.08.15_TheEra_0001	4762	1858.08.15_TheEra	111217
1858.08.15_TheEra_0002	7154	1858.08.15_TheEra	111217
1858.08.15_TheEra_0003	6445	1858.08.15_TheEra	111217
1858.08.15_TheEra_0004	8838	1858.08.15_TheEra	111217
1858.08.15_TheEra_0005	7016	1858.08.15_TheEra	111217
1858.08.15_TheEra_0006	7458	1858.08.15_TheEra	111217
1858.08.15_TheEra_0007	7134	1858.08.15_TheEra	111217
1858.08.15_TheEra_0008	5860	1858.08.15_TheEra	111217
1858.08.15_TheEra_0009	6734	1858.08.15_TheEra	111217
1858.08.15_TheEra_0010	7282	1858.08.15_TheEra	111217
1858.08.15_TheEra_0011	7383	1858.08.15_TheEra	111217
1858.08.15_TheEra_0012	7173	1858.08.15_TheEra	111217
1858.08.15_TheEra_0013	7236	1858.08.15_TheEra	111217
1858.08.15_TheEra_0014	7868	1858.08.15_TheEra	111217
1858.08.15_TheEra_0015	6684	1858.08.15_TheEra	111217
1858.08.15_TheEra_0016	6190	1858.08.15_TheEra	111217
1858.08.16_BirminghamDailyPost_0001	8718	1858.08.16_BirminghamDailyPost	33928
1858.08.16_BirminghamDailyPost_0002	8390	1858.08.16_BirminghamDailyPost	33928
1858.08.16_BirminghamDailyPost_0003	7282	1858.08.16_BirminghamDailyPost	33928
1858.08.16_BirminghamDailyPost_0004	9538	1858.08.16_BirminghamDailyPost	33928
1858.08.16_CaledonianMercury_0001	6517	1858.08.16_CaledonianMercury	33725
1858.08.16_CaledonianMercury_0002	8537	1858.08.16_CaledonianMercury	33725
1858.08.16_CaledonianMercury_0003	8476	1858.08.16_CaledonianMercury	33725
1858.08.16_CaledonianMercury_0004	10002	1858.08.16_CaledonianMercury	33725
1858.08.16_CaledonianMercury_0005	193	1858.08.16_CaledonianMercury	33725
1858.08.16_DailyNews_0001	8942	1858.08.16_DailyNews	81297
1858.08.16_DailyNews_0002	10187	1858.08.16_DailyNews	81297
1858.08.16_DailyNews_0003	12532	1858.08.16_DailyNews	81297
1858.08.16_DailyNews_0004	7757	1858.08.16_DailyNews	81297
1858.08.16_DailyNews_0005	9518	1858.08.16_DailyNews	81297
1858.08.16_DailyNews_0006	10944	1858.08.16_DailyNews	81297
1858.08.16_DailyNews_0007	11517	1858.08.16_DailyNews	81297
1858.08.16_DailyNews_0008	9900	1858.08.16_DailyNews	81297
1858.08.16_Freeman'sJournalandDailyCommercialAdvertiser_0001	9206	1858.08.16_Freeman'sJournalandDailyCommercialAdvertiser	47292
1858.08.16_Freeman'sJournalandDailyCommercialAdvertiser_0002	11177	1858.08.16_Freeman'sJournalandDailyCommercialAdvertiser	47292
1858.08.16_Freeman'sJournalandDailyCommercialAdvertiser_0003	12474	1858.08.16_Freeman'sJournalandDailyCommercialAdvertiser	47292
1858.08.16_Freeman'sJournalandDailyCommercialAdvertiser_0004	14435	1858.08.16_Freeman'sJournalandDailyCommercialAdvertiser	47292
1858.08.16_GlasgowHerald_0001	8073	1858.08.16_GlasgowHerald	84981
1858.08.16_GlasgowHerald_0002	11525	1858.08.16_GlasgowHerald	84981
1858.08.16_GlasgowHerald_0003	10677	1858.08.16_GlasgowHerald	84981
1858.08.16_GlasgowHerald_0004	11090	1858.08.16_GlasgowHerald	84981
1858.08.16_GlasgowHerald_0005	10184	1858.08.16_GlasgowHerald	84981
1858.08.16_GlasgowHerald_0006	11854	1858.08.16_GlasgowHerald	84981
1858.08.16_GlasgowHerald_0007	11848	1858.08.16_GlasgowHerald	84981
1858.08.16_GlasgowHerald_0008	9730	1858.08.16_GlasgowHerald	84981
1858.08.16_LiverpoolMercuryetc_0001	7343	1858.08.16_LiverpoolMercuryetc	37161
1858.08.16_LiverpoolMercuryetc_0002	9986	1858.08.16_LiverpoolMercuryetc	37161
1858.08.16_LiverpoolMercuryetc_0003	9853	1858.08.16_LiverpoolMercuryetc	37161
1858.08.16_LiverpoolMercuryetc_0004	9979	1858.08.16_LiverpoolMercuryetc	37161
1858.08.16_TheBelfastNews-Letter_0001	8634	1858.08.16_TheBelfastNews-Letter	45297
1858.08.16_TheBelfastNews-Letter_0002	10520	1858.08.16_TheBelfastNews-Letter	45297
1858.08.16_TheBelfastNews-Letter_0003	12567	1858.08.16_TheBelfastNews-Letter	45297
1858.08.16_TheBelfastNews-Letter_0004	13576	1858.08.16_TheBelfastNews-Letter	45297
1858.08.16_TheMorningChronicle_0001	10124	1858.08.16_TheMorningChronicle	80999
1858.08.16_TheMorningChronicle_0002	8432	1858.08.16_TheMorningChronicle	80999
1858.08.16_TheMorningChronicle_0003	12019	1858.08.16_TheMorningChronicle	80999
1858.08.16_TheMorningChronicle_0004	7576	1858.08.16_TheMorningChronicle	80999
1858.08.16_TheMorningChronicle_0005	10072	1858.08.16_TheMorningChronicle	80999
1858.08.16_TheMorningChronicle_0006	9410	1858.08.16_TheMorningChronicle	80999
1858.08.16_TheMorningChronicle_0007	11544	1858.08.16_TheMorningChronicle	80999
1858.08.16_TheMorningChronicle_0008	11822	1858.08.16_TheMorningChronicle	80999
1858.08.16_Times_0001	8415	1858.08.16_Times	108986
1858.08.16_Times_0002	7754	1858.08.16_Times	108986
1858.08.16_Times_0003	7104	1858.08.16_Times	108986
1858.08.16_Times_0004	6370	1858.08.16_Times	108986
1858.08.16_Times_0005	11681	1858.08.16_Times	108986
1858.08.16_Times_0006	10336	1858.08.16_Times	108986
1858.08.16_Times_0007	7923	1858.08.16_Times	108986
1858.08.16_Times_0008	9472	1858.08.16_Times	108986
1858.08.16_Times_0009	11634	1858.08.16_Times	108986
1858.08.16_Times_0010	10816	1858.08.16_Times	108986
1858.08.16_Times_0011	8594	1858.08.16_Times	108986
1858.08.16_Times_0012	8887	1858.08.16_Times	108986
1858.08.17_BirminghamDailyPost_0001	9012	1858.08.17_BirminghamDailyPost	34747
1858.08.17_BirminghamDailyPost_0002	9100	1858.08.17_BirminghamDailyPost	34747
1858.08.17_BirminghamDailyPost_0003	6717	1858.08.17_BirminghamDailyPost	34747
1858.08.17_BirminghamDailyPost_0004	9918	1858.08.17_BirminghamDailyPost	34747
1858.08.17_CaledonianMercury_0001	7318	1858.08.17_CaledonianMercury	35369
1858.08.17_CaledonianMercury_0002	8672	1858.08.17_CaledonianMercury	35369
1858.08.17_CaledonianMercury_0003	8734	1858.08.17_CaledonianMercury	35369
1858.08.17_CaledonianMercury_0004	10645	1858.08.17_CaledonianMercury	35369
1858.08.17_DailyNews_0001	8658	1858.08.17_DailyNews	82606
1858.08.17_DailyNews_0002	10737	1858.08.17_DailyNews	82606
1858.08.17_DailyNews_0003	12482	1858.08.17_DailyNews	82606
1858.08.17_DailyNews_0004	8002	1858.08.17_DailyNews	82606
1858.08.17_DailyNews_0005	10435	1858.08.17_DailyNews	82606
1858.08.17_DailyNews_0006	10999	1858.08.17_DailyNews	82606
1858.08.17_DailyNews_0007	11338	1858.08.17_DailyNews	82606
1858.08.17_DailyNews_0008	9955	1858.08.17_DailyNews	82606
1858.08.17_Freeman'sJournalandDailyCommercialAdvertiser_0001	9385	1858.08.17_Freeman'sJournalandDailyCommercialAdvertiser	47592
1858.08.17_Freeman'sJournalandDailyCommercialAdvertiser_0002	11314	1858.08.17_Freeman'sJournalandDailyCommercialAdvertiser	47592
1858.08.17_Freeman'sJournalandDailyCommercialAdvertiser_0003	13570	1858.08.17_Freeman'sJournalandDailyCommercialAdvertiser	47592
1858.08.17_Freeman'sJournalandDailyCommercialAdvertiser_0004	13323	1858.08.17_Freeman'sJournalandDailyCommercialAdvertiser	47592
1858.08.17_LiverpoolMercuryetc_0001	8454	1858.08.17_LiverpoolMercuryetc	112089
1858.08.17_LiverpoolMercuryetc_0002	13494	1858.08.17_LiverpoolMercuryetc	112089
1858.08.17_LiverpoolMercuryetc_0003	15468	1858.08.17_LiverpoolMercuryetc	112089
1858.08.17_LiverpoolMercuryetc_0004	13396	1858.08.17_LiverpoolMercuryetc	112089
1858.08.17_LiverpoolMercuryetc_0005	15598	1858.08.17_LiverpoolMercuryetc	112089
1858.08.17_LiverpoolMercuryetc_0006	15207	1858.08.17_LiverpoolMercuryetc	112089
1858.08.17_LiverpoolMercuryetc_0007	16777	1858.08.17_LiverpoolMercuryetc	112089
1858.08.17_LiverpoolMercuryetc_0008	13695	1858.08.17_LiverpoolMercuryetc	112089
1858.08.17_TheBelfastNews-Letter_0001	9007	1858.08.17_TheBelfastNews-Letter	45478
1858.08.17_TheBelfastNews-Letter_0002	10403	1858.08.17_TheBelfastNews-Letter	45478
1858.08.17_TheBelfastNews-Letter_0003	12745	1858.08.17_TheBelfastNews-Letter	45478
1858.08.17_TheBelfastNews-Letter_0004	12733	1858.08.17_TheBelfastNews-Letter	45478
1858.08.17_TheBelfastNews-Letter_0005	590	1858.08.17_TheBelfastNews-Letter	45478
1858.08.17_TheLeedsMercury_0001	12230	1858.08.17_TheLeedsMercury	53561
1858.08.17_TheLeedsMercury_0002	12856	1858.08.17_TheLeedsMercury	53561
1858.08.17_TheLeedsMercury_0003	14406	1858.08.17_TheLeedsMercury	53561
1858.08.17_TheLeedsMercury_0004	14069	1858.08.17_TheLeedsMercury	53561
1858.08.17_TheMorningChronicle_0001	9935	1858.08.17_TheMorningChronicle	83958
1858.08.17_TheMorningChronicle_0002	9450	1858.08.17_TheMorningChronicle	83958
1858.08.17_TheMorningChronicle_0003	10502	1858.08.17_TheMorningChronicle	83958
1858.08.17_TheMorningChronicle_0004	8657	1858.08.17_TheMorningChronicle	83958
1858.08.17_TheMorningChronicle_0005	10962	1858.08.17_TheMorningChronicle	83958
1858.08.17_TheMorningChronicle_0006	12170	1858.08.17_TheMorningChronicle	83958
1858.08.17_TheMorningChronicle_0007	10568	1858.08.17_TheMorningChronicle	83958
1858.08.17_TheMorningChronicle_0008	11714	1858.08.17_TheMorningChronicle	83958
1858.08.17_Times_0001	6479	1858.08.17_Times	134288
1858.08.17_Times_0002	7304	1858.08.17_Times	134288
1858.08.17_Times_0003	7645	1858.08.17_Times	134288
1858.08.17_Times_0004	7572	1858.08.17_Times	134288
1858.08.17_Times_0005	7525	1858.08.17_Times	134288
1858.08.17_Times_0006	8285	1858.08.17_Times	134288
1858.08.17_Times_0007	10178	1858.08.17_Times	134288
1858.08.17_Times_0008	8648	1858.08.17_Times	134288
1858.08.17_Times_0009	10520	1858.08.17_Times	134288
1858.08.17_Times_0010	7684	1858.08.17_Times	134288
1858.08.17_Times_0011	11358	1858.08.17_Times	134288
1858.08.17_Times_0012	11578	1858.08.17_Times	134288
1858.08.17_Times_0013	6164	1858.08.17_Times	134288
1858.08.17_Times_0014	6864	1858.08.17_Times	134288
1858.08.17_Times_0015	7328	1858.08.17_Times	134288
1858.08.17_Times_0016	9156	1858.08.17_Times	134288
1858.08.18_BanerCymru_0001	2161	1858.08.18_BanerCymru	52619
1858.08.18_BanerCymru_0002	3115	1858.08.18_BanerCymru	52619
1858.08.18_BanerCymru_0003	3350	1858.08.18_BanerCymru	52619
1858.08.18_BanerCymru_0004	3224	1858.08.18_BanerCymru	52619
1858.08.18_BanerCymru_0005	3056	1858.08.18_BanerCymru	52619
1858.08.18_BanerCymru_0006	4027	1858.08.18_BanerCymru	52619
1858.08.18_BanerCymru_0007	3646	1858.08.18_BanerCymru	52619
1858.08.18_BanerCymru_0008	2731	1858.08.18_BanerCymru	52619
1858.08.18_BanerCymru_0009	2792	1858.08.18_BanerCymru	52619
1858.08.18_BanerCymru_0010	3429	1858.08.18_BanerCymru	52619
1858.08.18_BanerCymru_0011	3944	1858.08.18_BanerCymru	52619
1858.08.18_BanerCymru_0012	3467	1858.08.18_BanerCymru	52619
1858.08.18_BanerCymru_0013	3478	1858.08.18_BanerCymru	52619
1858.08.18_BanerCymru_0014	3190	1858.08.18_BanerCymru	52619
1858.08.18_BanerCymru_0015	3940	1858.08.18_BanerCymru	52619
1858.08.18_BanerCymru_0016	3069	1858.08.18_BanerCymru	52619
1858.08.18_BirminghamDailyPost_0001	8518	1858.08.18_BirminghamDailyPost	35129
1858.08.18_BirminghamDailyPost_0002	8867	1858.08.18_BirminghamDailyPost	35129
1858.08.18_BirminghamDailyPost_0003	6928	1858.08.18_BirminghamDailyPost	35129
1858.08.18_BirminghamDailyPost_0004	10816	1858.08.18_BirminghamDailyPost	35129
1858.08.18_CaledonianMercury_0001	7063	1858.08.18_CaledonianMercury	35169
1858.08.18_CaledonianMercury_0002	7923	1858.08.18_CaledonianMercury	35169
1858.08.18_CaledonianMercury_0003	8930	1858.08.18_CaledonianMercury	35169
1858.08.18_CaledonianMercury_0004	10495	1858.08.18_CaledonianMercury	35169
1858.08.18_CaledonianMercury_0005	758	1858.08.18_CaledonianMercury	35169
1858.08.18_DailyNews_0001	7858	1858.08.18_DailyNews	81730
1858.08.18_DailyNews_0002	11734	1858.08.18_DailyNews	81730
1858.08.18_DailyNews_0003	12141	1858.08.18_DailyNews	81730
1858.08.18_DailyNews_0004	7897	1858.08.18_DailyNews	81730
1858.08.18_DailyNews_0005	9357	1858.08.18_DailyNews	81730
1858.08.18_DailyNews_0006	11793	1858.08.18_DailyNews	81730
1858.08.18_DailyNews_0007	10300	1858.08.18_DailyNews	81730
1858.08.18_DailyNews_0008	10650	1858.08.18_DailyNews	81730
1858.08.18_Freeman'sJournalandDailyCommercialAdvertiser_0001	9443	1858.08.18_Freeman'sJournalandDailyCommercialAdvertiser	48773
1858.08.18_Freeman'sJournalandDailyCommercialAdvertiser_0002	11293	1858.08.18_Freeman'sJournalandDailyCommercialAdvertiser	48773
1858.08.18_Freeman'sJournalandDailyCommercialAdvertiser_0003	13517	1858.08.18_Freeman'sJournalandDailyCommercialAdvertiser	48773
1858.08.18_Freeman'sJournalandDailyCommercialAdvertiser_0004	14520	1858.08.18_Freeman'sJournalandDailyCommercialAdvertiser	48773
1858.08.18_GlasgowHerald_0001	8688	1858.08.18_GlasgowHerald	90464
1858.08.18_GlasgowHerald_0002	12128	1858.08.18_GlasgowHerald	90464
1858.08.18_GlasgowHerald_0003	11294	1858.08.18_GlasgowHerald	90464
1858.08.18_GlasgowHerald_0004	10982	1858.08.18_GlasgowHerald	90464
1858.08.18_GlasgowHerald_0005	11492	1858.08.18_GlasgowHerald	90464
1858.08.18_GlasgowHerald_0006	11977	1858.08.18_GlasgowHerald	90464
1858.08.18_GlasgowHerald_0007	13012	1858.08.18_GlasgowHerald	90464
1858.08.18_GlasgowHerald_0008	10891	1858.08.18_GlasgowHerald	90464
1858.08.18_LiverpoolMercuryetc_0001	9539	1858.08.18_LiverpoolMercuryetc	52604
1858.08.18_LiverpoolMercuryetc_0002	14560	1858.08.18_LiverpoolMercuryetc	52604
1858.08.18_LiverpoolMercuryetc_0003	15494	1858.08.18_LiverpoolMercuryetc	52604
1858.08.18_LiverpoolMercuryetc_0004	13011	1858.08.18_LiverpoolMercuryetc	52604
1858.08.18_TheAberdeenJournal_0001	9312	1858.08.18_TheAberdeenJournal	96692
1858.08.18_TheAberdeenJournal_0002	11793	1858.08.18_TheAberdeenJournal	96692
1858.08.18_TheAberdeenJournal_0003	14006	1858.08.18_TheAberdeenJournal	96692
1858.08.18_TheAberdeenJournal_0004	10278	1858.08.18_TheAberdeenJournal	96692
1858.08.18_TheAberdeenJournal_0005	12378	1858.08.18_TheAberdeenJournal	96692
1858.08.18_TheAberdeenJournal_0006	14350	1858.08.18_TheAberdeenJournal	96692
1858.08.18_TheAberdeenJournal_0007	12780	1858.08.18_TheAberdeenJournal	96692
1858.08.18_TheAberdeenJournal_0008	11795	1858.08.18_TheAberdeenJournal	96692
1858.08.18_TheBelfastNews-Letter_0001	8711	1858.08.18_TheBelfastNews-Letter	46913
1858.08.18_TheBelfastNews-Letter_0002	9997	1858.08.18_TheBelfastNews-Letter	46913
1858.08.18_TheBelfastNews-Letter_0003	14446	1858.08.18_TheBelfastNews-Letter	46913
1858.08.18_TheBelfastNews-Letter_0004	13759	1858.08.18_TheBelfastNews-Letter	46913
1858.08.18_TheDerbyMercury_0001	8961	1858.08.18_TheDerbyMercury	96510
1858.08.18_TheDerbyMercury_0002	14201	1858.08.18_TheDerbyMercury	96510
1858.08.18_TheDerbyMercury_0003	11910	1858.08.18_TheDerbyMercury	96510
1858.08.18_TheDerbyMercury_0004	9594	1858.08.18_TheDerbyMercury	96510
1858.08.18_TheDerbyMercury_0005	11582	1858.08.18_TheDerbyMercury	96510
1858.08.18_TheDerbyMercury_0006	13819	1858.08.18_TheDerbyMercury	96510
1858.08.18_TheDerbyMercury_0007	13256	1858.08.18_TheDerbyMercury	96510
1858.08.18_TheDerbyMercury_0008	13187	1858.08.18_TheDerbyMercury	96510
1858.08.18_TheMorningChronicle_0001	9612	1858.08.18_TheMorningChronicle	82910
1858.08.18_TheMorningChronicle_0002	9251	1858.08.18_TheMorningChronicle	82910
1858.08.18_TheMorningChronicle_0003	11423	1858.08.18_TheMorningChronicle	82910
1858.08.18_TheMorningChronicle_0004	8087	1858.08.18_TheMorningChronicle	82910
1858.08.18_TheMorningChronicle_0005	10430	1858.08.18_TheMorningChronicle	82910
1858.08.18_TheMorningChronicle_0006	11956	1858.08.18_TheMorningChronicle	82910
1858.08.18_TheMorningChronicle_0007	10953	1858.08.18_TheMorningChronicle	82910
1858.08.18_TheMorningChronicle_0008	11198	1858.08.18_TheMorningChronicle	82910
1858.08.18_Times_0001	6276	1858.08.18_Times	105313
1858.08.18_Times_0002	5249	1858.08.18_Times	105313
1858.08.18_Times_0003	9580	1858.08.18_Times	105313
1858.08.18_Times_0004	6771	1858.08.18_Times	105313
1858.08.18_Times_0005	8237	1858.08.18_Times	105313
1858.08.18_Times_0006	8586	1858.08.18_Times	105313
1858.08.18_Times_0007	10030	1858.08.18_Times	105313
1858.08.18_Times_0008	10972	1858.08.18_Times	105313
1858.08.18_Times_0009	12119	1858.08.18_Times	105313
1858.08.18_Times_0010	10759	1858.08.18_Times	105313
1858.08.18_Times_0011	7972	1858.08.18_Times	105313
1858.08.18_Times_0012	8762	1858.08.18_Times	105313
1858.08.19_BirminghamDailyPost_0001	8674	1858.08.19_BirminghamDailyPost	33553
1858.08.19_BirminghamDailyPost_0002	8886	1858.08.19_BirminghamDailyPost	33553
1858.08.19_BirminghamDailyPost_0003	6585	1858.08.19_BirminghamDailyPost	33553
1858.08.19_BirminghamDailyPost_0004	9408	1858.08.19_BirminghamDailyPost	33553
1858.08.19_CaledonianMercury_0001	7112	1858.08.19_CaledonianMercury	33713
1858.08.19_CaledonianMercury_0002	8430	1858.08.19_CaledonianMercury	33713
1858.08.19_CaledonianMercury_0003	8227	1858.08.19_CaledonianMercury	33713
1858.08.19_CaledonianMercury_0004	9944	1858.08.19_CaledonianMercury	33713
1858.08.19_DailyNews_0001	8811	1858.08.19_DailyNews	84315
1858.08.19_DailyNews_0002	11362	1858.08.19_DailyNews	84315
1858.08.19_DailyNews_0003	12340	1858.08.19_DailyNews	84315
1858.08.19_DailyNews_0004	8169	1858.08.19_DailyNews	84315
1858.08.19_DailyNews_0005	10922	1858.08.19_DailyNews	84315
1858.08.19_DailyNews_0006	12009	1858.08.19_DailyNews	84315
1858.08.19_DailyNews_0007	11706	1858.08.19_DailyNews	84315
1858.08.19_DailyNews_0008	8996	1858.08.19_DailyNews	84315
1858.08.19_Freeman'sJournalandDailyCommercialAdvertiser_0001	9672	1858.08.19_Freeman'sJournalandDailyCommercialAdvertiser	48818
1858.08.19_Freeman'sJournalandDailyCommercialAdvertiser_0002	10543	1858.08.19_Freeman'sJournalandDailyCommercialAdvertiser	48818
1858.08.19_Freeman'sJournalandDailyCommercialAdvertiser_0003	14579	1858.08.19_Freeman'sJournalandDailyCommercialAdvertiser	48818
1858.08.19_Freeman'sJournalandDailyCommercialAdvertiser_0004	14024	1858.08.19_Freeman'sJournalandDailyCommercialAdvertiser	48818
1858.08.19_LiverpoolMercuryetc_0001	8717	1858.08.19_LiverpoolMercuryetc	53616
1858.08.19_LiverpoolMercuryetc_0002	14621	1858.08.19_LiverpoolMercuryetc	53616
1858.08.19_LiverpoolMercuryetc_0003	16899	1858.08.19_LiverpoolMercuryetc	53616
1858.08.19_LiverpoolMercuryetc_0004	13379	1858.08.19_LiverpoolMercuryetc	53616
1858.08.19_TheBelfastNews-Letter_0001	7817	1858.08.19_TheBelfastNews-Letter	45474
1858.08.19_TheBelfastNews-Letter_0002	10313	1858.08.19_TheBelfastNews-Letter	45474
1858.08.19_TheBelfastNews-Letter_0003	12961	1858.08.19_TheBelfastNews-Letter	45474
1858.08.19_TheBelfastNews-Letter_0004	14383	1858.08.19_TheBelfastNews-Letter	45474
1858.08.19_TheLeedsMercury_0001	12603	1858.08.19_TheLeedsMercury	54699
1858.08.19_TheLeedsMercury_0002	12039	1858.08.19_TheLeedsMercury	54699
1858.08.19_TheLeedsMercury_0003	16507	1858.08.19_TheLeedsMercury	54699
1858.08.19_TheLeedsMercury_0004	13550	1858.08.19_TheLeedsMercury	54699
1858.08.19_TheMorningChronicle_0001	9649	1858.08.19_TheMorningChronicle	78455
1858.08.19_TheMorningChronicle_0002	8389	1858.08.19_TheMorningChronicle	78455
1858.08.19_TheMorningChronicle_0003	8640	1858.08.19_TheMorningChronicle	78455
1858.08.19_TheMorningChronicle_0004	8187	1858.08.19_TheMorningChronicle	78455
1858.08.19_TheMorningChronicle_0005	10518	1858.08.19_TheMorningChronicle	78455
1858.08.19_TheMorningChronicle_0006	10155	1858.08.19_TheMorningChronicle	78455
1858.08.19_TheMorningChronicle_0007	11296	1858.08.19_TheMorningChronicle	78455
1858.08.19_TheMorningChronicle_0008	11621	1858.08.19_TheMorningChronicle	78455
1858.08.19_Times_0001	6974	1858.08.19_Times	101844
1858.08.19_Times_0002	6504	1858.08.19_Times	101844
1858.08.19_Times_0003	7766	1858.08.19_Times	101844
1858.08.19_Times_0004	6572	1858.08.19_Times	101844
1858.08.19_Times_0005	8199	1858.08.19_Times	101844
1858.08.19_Times_0006	8681	1858.08.19_Times	101844
1858.08.19_Times_0007	9454	1858.08.19_Times	101844
1858.08.19_Times_0008	11603	1858.08.19_Times	101844
1858.08.19_Times_0009	11001	1858.08.19_Times	101844
1858.08.19_Times_0010	9835	1858.08.19_Times	101844
1858.08.19_Times_0011	7155	1858.08.19_Times	101844
1858.08.19_Times_0012	8100	1858.08.19_Times	101844
1858.08.19_Trewman'sExeterFlyingPostorPlymouthandCornishAdvertiser_0001	9255	1858.08.19_Trewman'sExeterFlyingPostorPlymouthandCornishAdvertiser	87797
1858.08.19_Trewman'sExeterFlyingPostorPlymouthandCornishAdvertiser_0002	11406	1858.08.19_Trewman'sExeterFlyingPostorPlymouthandCornishAdvertiser	87797
1858.08.19_Trewman'sExeterFlyingPostorPlymouthandCornishAdvertiser_0003	12920	1858.08.19_Trewman'sExeterFlyingPostorPlymouthandCornishAdvertiser	87797
1858.08.19_Trewman'sExeterFlyingPostorPlymouthandCornishAdvertiser_0004	5958	1858.08.19_Trewman'sExeterFlyingPostorPlymouthandCornishAdvertiser	87797
1858.08.19_Trewman'sExeterFlyingPostorPlymouthandCornishAdvertiser_0005	10332	1858.08.19_Trewman'sExeterFlyingPostorPlymouthandCornishAdvertiser	87797
1858.08.19_Trewman'sExeterFlyingPostorPlymouthandCornishAdvertiser_0006	13290	1858.08.19_Trewman'sExeterFlyingPostorPlymouthandCornishAdvertiser	87797
1858.08.19_Trewman'sExeterFlyingPostorPlymouthandCornishAdvertiser_0007	12670	1858.08.19_Trewman'sExeterFlyingPostorPlymouthandCornishAdvertiser	87797
1858.08.19_Trewman'sExeterFlyingPostorPlymouthandCornishAdvertiser_0008	11966	1858.08.19_Trewman'sExeterFlyingPostorPlymouthandCornishAdvertiser	87797
1858.08.20_BirminghamDailyPost_0001	8867	1858.08.20_BirminghamDailyPost	33113
1858.08.20_BirminghamDailyPost_0002	8723	1858.08.20_BirminghamDailyPost	33113
1858.08.20_BirminghamDailyPost_0003	6538	1858.08.20_BirminghamDailyPost	33113
1858.08.20_BirminghamDailyPost_0004	8985	1858.08.20_BirminghamDailyPost	33113
1858.08.20_CaledonianMercury_0001	7333	1858.08.20_CaledonianMercury	34448
1858.08.20_CaledonianMercury_0002	8593	1858.08.20_CaledonianMercury	34448
1858.08.20_CaledonianMercury_0003	8360	1858.08.20_CaledonianMercury	34448
1858.08.20_CaledonianMercury_0004	10162	1858.08.20_CaledonianMercury	34448
1858.08.20_DailyNews_0001	9869	1858.08.20_DailyNews	85904
1858.08.20_DailyNews_0002	11843	1858.08.20_DailyNews	85904
1858.08.20_DailyNews_0003	12172	1858.08.20_DailyNews	85904
1858.08.20_DailyNews_0004	7949	1858.08.20_DailyNews	85904
1858.08.20_DailyNews_0005	10155	1858.08.20_DailyNews	85904
1858.08.20_DailyNews_0006	11962	1858.08.20_DailyNews	85904
1858.08.20_DailyNews_0007	12778	1858.08.20_DailyNews	85904
1858.08.20_DailyNews_0008	9176	1858.08.20_DailyNews	85904
1858.08.20_Freeman'sJournalandDailyCommercialAdvertiser_0001	9376	1858.08.20_Freeman'sJournalandDailyCommercialAdvertiser	49555
1858.08.20_Freeman'sJournalandDailyCommercialAdvertiser_0002	11964	1858.08.20_Freeman'sJournalandDailyCommercialAdvertiser	49555
1858.08.20_Freeman'sJournalandDailyCommercialAdvertiser_0003	14130	1858.08.20_Freeman'sJournalandDailyCommercialAdvertiser	49555
1858.08.20_Freeman'sJournalandDailyCommercialAdvertiser_0004	14085	1858.08.20_Freeman'sJournalandDailyCommercialAdvertiser	49555
1858.08.20_GlasgowHerald_0001	8505	1858.08.20_GlasgowHerald	86674
1858.08.20_GlasgowHerald_0002	11646	1858.08.20_GlasgowHerald	86674
1858.08.20_GlasgowHerald_0003	11069	1858.08.20_GlasgowHerald	86674
1858.08.20_GlasgowHerald_0004	10108	1858.08.20_GlasgowHerald	86674
1858.08.20_GlasgowHerald_0005	11996	1858.08.20_GlasgowHerald	86674
1858.08.20_GlasgowHerald_0006	11949	1858.08.20_GlasgowHerald	86674
1858.08.20_GlasgowHerald_0007	11540	1858.08.20_GlasgowHerald	86674
1858.08.20_GlasgowHerald_0008	9861	1858.08.20_GlasgowHerald	86674
1858.08.20_LiverpoolMercuryetc_0001	10475	1858.08.20_LiverpoolMercuryetc	113702
1858.08.20_LiverpoolMercuryetc_0002	15821	1858.08.20_LiverpoolMercuryetc	113702
1858.08.20_LiverpoolMercuryetc_0003	15471	1858.08.20_LiverpoolMercuryetc	113702
1858.08.20_LiverpoolMercuryetc_0004	15172	1858.08.20_LiverpoolMercuryetc	113702
1858.08.20_LiverpoolMercuryetc_0005	15036	1858.08.20_LiverpoolMercuryetc	113702
1858.08.20_LiverpoolMercuryetc_0006	12872	1858.08.20_LiverpoolMercuryetc	113702
1858.08.20_LiverpoolMercuryetc_0007	15806	1858.08.20_LiverpoolMercuryetc	113702
1858.08.20_LiverpoolMercuryetc_0008	13049	1858.08.20_LiverpoolMercuryetc	113702
1858.08.20_TheBelfastNews-Letter_0001	8056	1858.08.20_TheBelfastNews-Letter	45805
1858.08.20_TheBelfastNews-Letter_0002	10702	1858.08.20_TheBelfastNews-Letter	45805
1858.08.20_TheBelfastNews-Letter_0003	12929	1858.08.20_TheBelfastNews-Letter	45805
1858.08.20_TheBelfastNews-Letter_0004	14118	1858.08.20_TheBelfastNews-Letter	45805
1858.08.20_TheHullPacketandEastRidingTimes_0001	6350	1858.08.20_TheHullPacketandEastRidingTimes	93753
1858.08.20_TheHullPacketandEastRidingTimes_0002	13133	1858.08.20_TheHullPacketandEastRidingTimes	93753
1858.08.20_TheHullPacketandEastRidingTimes_0003	14374	1858.08.20_TheHullPacketandEastRidingTimes	93753
1858.08.20_TheHullPacketandEastRidingTimes_0004	9689	1858.08.20_TheHullPacketandEastRidingTimes	93753
1858.08.20_TheHullPacketandEastRidingTimes_0005	10126	1858.08.20_TheHullPacketandEastRidingTimes	93753
1858.08.20_TheHullPacketandEastRidingTimes_0006	14369	1858.08.20_TheHullPacketandEastRidingTimes	93753
1858.08.20_TheHullPacketandEastRidingTimes_0007	12585	1858.08.20_TheHullPacketandEastRidingTimes	93753
1858.08.20_TheHullPacketandEastRidingTimes_0008	13127	1858.08.20_TheHullPacketandEastRidingTimes	93753
1858.08.20_TheMorningChronicle_0001	10067	1858.08.20_TheMorningChronicle	80798
1858.08.20_TheMorningChronicle_0002	8766	1858.08.20_TheMorningChronicle	80798
1858.08.20_TheMorningChronicle_0003	11725	1858.08.20_TheMorningChronicle	80798
1858.08.20_TheMorningChronicle_0004	7361	1858.08.20_TheMorningChronicle	80798
1858.08.20_TheMorningChronicle_0005	10008	1858.08.20_TheMorningChronicle	80798
1858.08.20_TheMorningChronicle_0006	11561	1858.08.20_TheMorningChronicle	80798
1858.08.20_TheMorningChronicle_0007	9395	1858.08.20_TheMorningChronicle	80798
1858.08.20_TheMorningChronicle_0008	11915	1858.08.20_TheMorningChronicle	80798
1858.08.20_TheNewcastleCourantetc_0001	9059	1858.08.20_TheNewcastleCourantetc	104656
1858.08.20_TheNewcastleCourantetc_0002	15253	1858.08.20_TheNewcastleCourantetc	104656
1858.08.20_TheNewcastleCourantetc_0003	14666	1858.08.20_TheNewcastleCourantetc	104656
1858.08.20_TheNewcastleCourantetc_0004	10170	1858.08.20_TheNewcastleCourantetc	104656
1858.08.20_TheNewcastleCourantetc_0005	13937	1858.08.20_TheNewcastleCourantetc	104656
1858.08.20_TheNewcastleCourantetc_0006	14612	1858.08.20_TheNewcastleCourantetc	104656
1858.08.20_TheNewcastleCourantetc_0007	14698	1858.08.20_TheNewcastleCourantetc	104656
1858.08.20_TheNewcastleCourantetc_0008	12261	1858.08.20_TheNewcastleCourantetc	104656
1858.08.20_Times_0001	8264	1858.08.20_Times	113590
1858.08.20_Times_0002	8289	1858.08.20_Times	113590
1858.08.20_Times_0003	8980	1858.08.20_Times	113590
1858.08.20_Times_0004	10278	1858.08.20_Times	113590
1858.08.20_Times_0005	7287	1858.08.20_Times	113590
1858.08.20_Times_0006	8247	1858.08.20_Times	113590
1858.08.20_Times_0007	14198	1858.08.20_Times	113590
1858.08.20_Times_0008	7726	1858.08.20_Times	113590
1858.08.20_Times_0009	10013	1858.08.20_Times	113590
1858.08.20_Times_0010	11798	1858.08.20_Times	113590
1858.08.20_Times_0011	8937	1858.08.20_Times	113590
1858.08.20_Times_0012	9573	1858.08.20_Times	113590
1858.08.21_CaledonianMercury_0001	7449	1858.08.21_CaledonianMercury	35180
1858.08.21_CaledonianMercury_0002	8205	1858.08.21_CaledonianMercury	35180
1858.08.21_CaledonianMercury_0003	8294	1858.08.21_CaledonianMercury	35180
1858.08.21_CaledonianMercury_0004	10640	1858.08.21_CaledonianMercury	35180
1858.08.21_CaledonianMercury_0005	592	1858.08.21_CaledonianMercury	35180
1858.08.21_DailyNews_0001	10781	1858.08.21_DailyNews	83419
1858.08.21_DailyNews_0002	12332	1858.08.21_DailyNews	83419
1858.08.21_DailyNews_0003	11433	1858.08.21_DailyNews	83419
1858.08.21_DailyNews_0004	8714	1858.08.21_DailyNews	83419
1858.08.21_DailyNews_0005	9356	1858.08.21_DailyNews	83419
1858.08.21_DailyNews_0006	11495	1858.08.21_DailyNews	83419
1858.08.21_DailyNews_0007	9996	1858.08.21_DailyNews	83419
1858.08.21_DailyNews_0008	9312	1858.08.21_DailyNews	83419
1858.08.21_Freeman'sJournalandDailyCommercialAdvertiser_0001	9434	1858.08.21_Freeman'sJournalandDailyCommercialAdvertiser	48541
1858.08.21_Freeman'sJournalandDailyCommercialAdvertiser_0002	10619	1858.08.21_Freeman'sJournalandDailyCommercialAdvertiser	48541
1858.08.21_Freeman'sJournalandDailyCommercialAdvertiser_0003	15336	1858.08.21_Freeman'sJournalandDailyCommercialAdvertiser	48541
1858.08.21_Freeman'sJournalandDailyCommercialAdvertiser_0004	13152	1858.08.21_Freeman'sJournalandDailyCommercialAdvertiser	48541
1858.08.21_HampshireTelegraphandSussexChronicleetc_0001	9092	1858.08.21_HampshireTelegraphandSussexChronicleetc	90196
1858.08.21_HampshireTelegraphandSussexChronicleetc_0002	10254	1858.08.21_HampshireTelegraphandSussexChronicleetc	90196
1858.08.21_HampshireTelegraphandSussexChronicleetc_0003	12715	1858.08.21_HampshireTelegraphandSussexChronicleetc	90196
1858.08.21_HampshireTelegraphandSussexChronicleetc_0004	11305	1858.08.21_HampshireTelegraphandSussexChronicleetc	90196
1858.08.21_HampshireTelegraphandSussexChronicleetc_0005	11215	1858.08.21_HampshireTelegraphandSussexChronicleetc	90196
1858.08.21_HampshireTelegraphandSussexChronicleetc_0006	12851	1858.08.21_HampshireTelegraphandSussexChronicleetc	90196
1858.08.21_HampshireTelegraphandSussexChronicleetc_0007	12069	1858.08.21_HampshireTelegraphandSussexChronicleetc	90196
1858.08.21_HampshireTelegraphandSussexChronicleetc_0008	10695	1858.08.21_HampshireTelegraphandSussexChronicleetc	90196
1858.08.21_Jackson'sOxfordJournal_0001	7340	1858.08.21_Jackson'sOxfordJournal	89985
1858.08.21_Jackson'sOxfordJournal_0002	10857	1858.08.21_Jackson'sOxfordJournal	89985
1858.08.21_Jackson'sOxfordJournal_0003	12389	1858.08.21_Jackson'sOxfordJournal	89985
1858.08.21_Jackson'sOxfordJournal_0004	11005	1858.08.21_Jackson'sOxfordJournal	89985
1858.08.21_Jackson'sOxfordJournal_0005	11719	1858.08.21_Jackson'sOxfordJournal	89985
1858.08.21_Jackson'sOxfordJournal_0006	12399	1858.08.21_Jackson'sOxfordJournal	89985
1858.08.21_Jackson'sOxfordJournal_0007	11274	1858.08.21_Jackson'sOxfordJournal	89985
1858.08.21_Jackson'sOxfordJournal_0008	13002	1858.08.21_Jackson'sOxfordJournal	89985
1858.08.21_LiverpoolMercuryetc_0001	10980	1858.08.21_LiverpoolMercuryetc	171589
1858.08.21_LiverpoolMercuryetc_0002	15213	1858.08.21_LiverpoolMercuryetc	171589
1858.08.21_LiverpoolMercuryetc_0003	15357	1858.08.21_LiverpoolMercuryetc	171589
1858.08.21_LiverpoolMercuryetc_0004	13302	1858.08.21_LiverpoolMercuryetc	171589
1858.08.21_LiverpoolMercuryetc_0005	11155	1858.08.21_LiverpoolMercuryetc	171589
1858.08.21_LiverpoolMercuryetc_0006	12933	1858.08.21_LiverpoolMercuryetc	171589
1858.08.21_LiverpoolMercuryetc_0007	14909	1858.08.21_LiverpoolMercuryetc	171589
1858.08.21_LiverpoolMercuryetc_0008	15481	1858.08.21_LiverpoolMercuryetc	171589
1858.08.21_LiverpoolMercuryetc_0009	15324	1858.08.21_LiverpoolMercuryetc	171589
1858.08.21_LiverpoolMercuryetc_0010	15612	1858.08.21_LiverpoolMercuryetc	171589
1858.08.21_LiverpoolMercuryetc_0011	17862	1858.08.21_LiverpoolMercuryetc	171589
1858.08.21_LiverpoolMercuryetc_0012	13461	1858.08.21_LiverpoolMercuryetc	171589
1858.08.21_ManchesterTimes_0001	9308	1858.08.21_ManchesterTimes	93162
1858.08.21_ManchesterTimes_0002	12415	1858.08.21_ManchesterTimes	93162
1858.08.21_ManchesterTimes_0003	12910	1858.08.21_ManchesterTimes	93162
1858.08.21_ManchesterTimes_0004	10110	1858.08.21_ManchesterTimes	93162
1858.08.21_ManchesterTimes_0005	10559	1858.08.21_ManchesterTimes	93162
1858.08.21_ManchesterTimes_0006	13539	1858.08.21_ManchesterTimes	93162
1858.08.21_ManchesterTimes_0007	12513	1858.08.21_ManchesterTimes	93162
1858.08.21_ManchesterTimes_0008	11808	1858.08.21_ManchesterTimes	93162
1858.08.21_NorthWalesChronicle_0001	7872	1858.08.21_NorthWalesChronicle	111915
1858.08.21_NorthWalesChronicle_0002	11411	1858.08.21_NorthWalesChronicle	111915
1858.08.21_NorthWalesChronicle_0003	9872	1858.08.21_NorthWalesChronicle	111915
1858.08.21_NorthWalesChronicle_0004	10529	1858.08.21_NorthWalesChronicle	111915
1858.08.21_NorthWalesChronicle_0005	11203	1858.08.21_NorthWalesChronicle	111915
1858.08.21_NorthWalesChronicle_0006	10962	1858.08.21_NorthWalesChronicle	111915
1858.08.21_NorthWalesChronicle_0007	10942	1858.08.21_NorthWalesChronicle	111915
1858.08.21_NorthWalesChronicle_0008	10668	1858.08.21_NorthWalesChronicle	111915
1858.08.21_NorthWalesChronicle_0009	2846	1858.08.21_NorthWalesChronicle	111915
1858.08.21_NorthWalesChronicle_0010	6062	1858.08.21_NorthWalesChronicle	111915
1858.08.21_NorthWalesChronicle_0011	8473	1858.08.21_NorthWalesChronicle	111915
1858.08.21_NorthWalesChronicle_0012	11075	1858.08.21_NorthWalesChronicle	111915
1858.08.21_TheBelfastNews-Letter_0001	8927	1858.08.21_TheBelfastNews-Letter	47030
1858.08.21_TheBelfastNews-Letter_0002	11000	1858.08.21_TheBelfastNews-Letter	47030
1858.08.21_TheBelfastNews-Letter_0003	13425	1858.08.21_TheBelfastNews-Letter	47030
1858.08.21_TheBelfastNews-Letter_0004	13678	1858.08.21_TheBelfastNews-Letter	47030
1858.08.21_TheBristolMercury_0001	10035	1858.08.21_TheBristolMercury	95276
1858.08.21_TheBristolMercury_0002	10833	1858.08.21_TheBristolMercury	95276
1858.08.21_TheBristolMercury_0003	8961	1858.08.21_TheBristolMercury	95276
1858.08.21_TheBristolMercury_0004	12801	1858.08.21_TheBristolMercury	95276
1858.08.21_TheBristolMercury_0005	10539	1858.08.21_TheBristolMercury	95276
1858.08.21_TheBristolMercury_0006	13804	1858.08.21_TheBristolMercury	95276
1858.08.21_TheBristolMercury_0007	14722	1858.08.21_TheBristolMercury	95276
1858.08.21_TheBristolMercury_0008	13581	1858.08.21_TheBristolMercury	95276
1858.08.21_TheExaminer_0001	3240	1858.08.21_TheExaminer	62685
1858.08.21_TheExaminer_0002	2913	1858.08.21_TheExaminer	62685
1858.08.21_TheExaminer_0003	3777	1858.08.21_TheExaminer	62685
1858.08.21_TheExaminer_0004	3711	1858.08.21_TheExaminer	62685
1858.08.21_TheExaminer_0005	3322	1858.08.21_TheExaminer	62685
1858.08.21_TheExaminer_0006	3877	1858.08.21_TheExaminer	62685
1858.08.21_TheExaminer_0007	3956	1858.08.21_TheExaminer	62685
1858.08.21_TheExaminer_0008	4156	1858.08.21_TheExaminer	62685
1858.08.21_TheExaminer_0009	4047	1858.08.21_TheExaminer	62685
1858.08.21_TheExaminer_0010	4299	1858.08.21_TheExaminer	62685
1858.08.21_TheExaminer_0011	3523	1858.08.21_TheExaminer	62685
1858.08.21_TheExaminer_0012	4472	1858.08.21_TheExaminer	62685
1858.08.21_TheExaminer_0013	4375	1858.08.21_TheExaminer	62685
1858.08.21_TheExaminer_0014	4602	1858.08.21_TheExaminer	62685
1858.08.21_TheExaminer_0015	4645	1858.08.21_TheExaminer	62685
1858.08.21_TheExaminer_0016	3770	1858.08.21_TheExaminer	62685
1858.08.21_TheIpswichJournal_0001	10455	1858.08.21_TheIpswichJournal	65311
1858.08.21_TheIpswichJournal_0002	13860	1858.08.21_TheIpswichJournal	65311
1858.08.21_TheIpswichJournal_0003	20243	1858.08.21_TheIpswichJournal	65311
1858.08.21_TheIpswichJournal_0004	20753	1858.08.21_TheIpswichJournal	65311
1858.08.21_TheLeedsMercury_0001	11901	1858.08.21_TheLeedsMercury	112669
1858.08.21_TheLeedsMercury_0002	16779	1858.08.21_TheLeedsMercury	112669
1858.08.21_TheLeedsMercury_0003	14832	1858.08.21_TheLeedsMercury	112669
1858.08.21_TheLeedsMercury_0004	11542	1858.08.21_TheLeedsMercury	112669
1858.08.21_TheLeedsMercury_0005	13993	1858.08.21_TheLeedsMercury	112669
1858.08.21_TheLeedsMercury_0006	15783	1858.08.21_TheLeedsMercury	112669
1858.08.21_TheLeedsMercury_0007	14112	1858.08.21_TheLeedsMercury	112669
1858.08.21_TheLeedsMercury_0008	13727	1858.08.21_TheLeedsMercury	112669
1858.08.21_TheMorningChronicle_0001	9109	1858.08.21_TheMorningChronicle	79010
1858.08.21_TheMorningChronicle_0002	8309	1858.08.21_TheMorningChronicle	79010
1858.08.21_TheMorningChronicle_0003	9778	1858.08.21_TheMorningChronicle	79010
1858.08.21_TheMorningChronicle_0004	8031	1858.08.21_TheMorningChronicle	79010
1858.08.21_TheMorningChronicle_0005	9863	1858.08.21_TheMorningChronicle	79010
1858.08.21_TheMorningChronicle_0006	11876	1858.08.21_TheMorningChronicle	79010
1858.08.21_TheMorningChronicle_0007	10695	1858.08.21_TheMorningChronicle	79010
1858.08.21_TheMorningChronicle_0008	11349	1858.08.21_TheMorningChronicle	79010
1858.08.21_ThePrestonGuardianetc_0001	8988	1858.08.21_ThePrestonGuardianetc	96189
1858.08.21_ThePrestonGuardianetc_0002	12926	1858.08.21_ThePrestonGuardianetc	96189
1858.08.21_ThePrestonGuardianetc_0003	13632	1858.08.21_ThePrestonGuardianetc	96189
1858.08.21_ThePrestonGuardianetc_0004	11208	1858.08.21_ThePrestonGuardianetc	96189
1858.08.21_ThePrestonGuardianetc_0005	13078	1858.08.21_ThePrestonGuardianetc	96189
1858.08.21_ThePrestonGuardianetc_0006	13393	1858.08.21_ThePrestonGuardianetc	96189
1858.08.21_ThePrestonGuardianetc_0007	12057	1858.08.21_ThePrestonGuardianetc	96189
1858.08.21_ThePrestonGuardianetc_0008	10907	1858.08.21_ThePrestonGuardianetc	96189
1858.08.21_Times_0001	7814	1858.08.21_Times	142794
1858.08.21_Times_0002	6412	1858.08.21_Times	142794
1858.08.21_Times_0003	7627	1858.08.21_Times	142794
1858.08.21_Times_0004	7820	1858.08.21_Times	142794
1858.08.21_Times_0005	9911	1858.08.21_Times	142794
1858.08.21_Times_0006	9501	1858.08.21_Times	142794
1858.08.21_Times_0007	11250	1858.08.21_Times	142794
1858.08.21_Times_0008	8478	1858.08.21_Times	142794
1858.08.21_Times_0009	10016	1858.08.21_Times	142794
1858.08.21_Times_0010	9195	1858.08.21_Times	142794
1858.08.21_Times_0011	10149	1858.08.21_Times	142794
1858.08.21_Times_0012	10437	1858.08.21_Times	142794
1858.08.21_Times_0013	7147	1858.08.21_Times	142794
1858.08.21_Times_0014	6794	1858.08.21_Times	142794
1858.08.21_Times_0015	8623	1858.08.21_Times	142794
1858.08.21_Times_0016	11620	1858.08.21_Times	142794
1858.08.22_Lloyd'sWeeklyNewspaper_0001	6236	1858.08.22_Lloyd'sWeeklyNewspaper	90223
1858.08.22_Lloyd'sWeeklyNewspaper_0002	8364	1858.08.22_Lloyd'sWeeklyNewspaper	90223
1858.08.22_Lloyd'sWeeklyNewspaper_0003	8285	1858.08.22_Lloyd'sWeeklyNewspaper	90223
1858.08.22_Lloyd'sWeeklyNewspaper_0004	7665	1858.08.22_Lloyd'sWeeklyNewspaper	90223
1858.08.22_Lloyd'sWeeklyNewspaper_0005	7954	1858.08.22_Lloyd'sWeeklyNewspaper	90223
1858.08.22_Lloyd'sWeeklyNewspaper_0006	6158	1858.08.22_Lloyd'sWeeklyNewspaper	90223
1858.08.22_Lloyd'sWeeklyNewspaper_0007	7493	1858.08.22_Lloyd'sWeeklyNewspaper	90223
1858.08.22_Lloyd'sWeeklyNewspaper_0008	7992	1858.08.22_Lloyd'sWeeklyNewspaper	90223
1858.08.22_Lloyd'sWeeklyNewspaper_0009	7855	1858.08.22_Lloyd'sWeeklyNewspaper	90223
1858.08.22_Lloyd'sWeeklyNewspaper_0010	7143	1858.08.22_Lloyd'sWeeklyNewspaper	90223
1858.08.22_Lloyd'sWeeklyNewspaper_0011	7911	1858.08.22_Lloyd'sWeeklyNewspaper	90223
1858.08.22_Lloyd'sWeeklyNewspaper_0012	7167	1858.08.22_Lloyd'sWeeklyNewspaper	90223
1858.08.22_Reynolds'sNewspaper_0001	4287	1858.08.22_Reynolds'sNewspaper	87013
1858.08.22_Reynolds'sNewspaper_0002	5390	1858.08.22_Reynolds'sNewspaper	87013
1858.08.22_Reynolds'sNewspaper_0003	5061	1858.08.22_Reynolds'sNewspaper	87013
1858.08.22_Reynolds'sNewspaper_0004	5750	1858.08.22_Reynolds'sNewspaper	87013
1858.08.22_Reynolds'sNewspaper_0005	5986	1858.08.22_Reynolds'sNewspaper	87013
1858.08.22_Reynolds'sNewspaper_0006	5627	1858.08.22_Reynolds'sNewspaper	87013
1858.08.22_Reynolds'sNewspaper_0007	5318	1858.08.22_Reynolds'sNewspaper	87013
1858.08.22_Reynolds'sNewspaper_0008	5547	1858.08.22_Reynolds'sNewspaper	87013
1858.08.22_Reynolds'sNewspaper_0009	5854	1858.08.22_Reynolds'sNewspaper	87013
1858.08.22_Reynolds'sNewspaper_0010	6170	1858.08.22_Reynolds'sNewspaper	87013
1858.08.22_Reynolds'sNewspaper_0011	5934	1858.08.22_Reynolds'sNewspaper	87013
1858.08.22_Reynolds'sNewspaper_0012	6290	1858.08.22_Reynolds'sNewspaper	87013
1858.08.22_Reynolds'sNewspaper_0013	5178	1858.08.22_Reynolds'sNewspaper	87013
1858.08.22_Reynolds'sNewspaper_0014	5359	1858.08.22_Reynolds'sNewspaper	87013
1858.08.22_Reynolds'sNewspaper_0015	4282	1858.08.22_Reynolds'sNewspaper	87013
1858.08.22_Reynolds'sNewspaper_0016	4980	1858.08.22_Reynolds'sNewspaper	87013
1858.08.22_TheEra_0001	4538	1858.08.22_TheEra	111439
1858.08.22_TheEra_0002	7021	1858.08.22_TheEra	111439
1858.08.22_TheEra_0003	6658	1858.08.22_TheEra	111439
1858.08.22_TheEra_0004	8643	1858.08.22_TheEra	111439
1858.08.22_TheEra_0005	7738	1858.08.22_TheEra	111439
1858.08.22_TheEra_0006	7429	1858.08.22_TheEra	111439
1858.08.22_TheEra_0007	6385	1858.08.22_TheEra	111439
1858.08.22_TheEra_0008	5845	1858.08.22_TheEra	111439
1858.08.22_TheEra_0009	6955	1858.08.22_TheEra	111439
1858.08.22_TheEra_0010	6720	1858.08.22_TheEra	111439
1858.08.22_TheEra_0011	6769	1858.08.22_TheEra	111439
1858.08.22_TheEra_0012	8177	1858.08.22_TheEra	111439
1858.08.22_TheEra_0013	7443	1858.08.22_TheEra	111439
1858.08.22_TheEra_0014	7997	1858.08.22_TheEra	111439
1858.08.22_TheEra_0015	6956	1858.08.22_TheEra	111439
1858.08.22_TheEra_0016	6165	1858.08.22_TheEra	111439
1858.08.23_BirminghamDailyPost_0001	8434	1858.08.23_BirminghamDailyPost	33398
1858.08.23_BirminghamDailyPost_0002	8874	1858.08.23_BirminghamDailyPost	33398
1858.08.23_BirminghamDailyPost_0003	6363	1858.08.23_BirminghamDailyPost	33398
1858.08.23_BirminghamDailyPost_0004	9727	1858.08.23_BirminghamDailyPost	33398
1858.08.23_CaledonianMercury_0001	7075	1858.08.23_CaledonianMercury	35857
1858.08.23_CaledonianMercury_0002	8841	1858.08.23_CaledonianMercury	35857
1858.08.23_CaledonianMercury_0003	9044	1858.08.23_CaledonianMercury	35857
1858.08.23_CaledonianMercury_0004	10897	1858.08.23_CaledonianMercury	35857
1858.08.23_DailyNews_0001	5621	1858.08.23_DailyNews	74453
1858.08.23_DailyNews_0002	11442	1858.08.23_DailyNews	74453
1858.08.23_DailyNews_0003	11696	1858.08.23_DailyNews	74453
1858.08.23_DailyNews_0004	7698	1858.08.23_DailyNews	74453
1858.08.23_DailyNews_0005	9395	1858.08.23_DailyNews	74453
1858.08.23_DailyNews_0006	12003	1858.08.23_DailyNews	74453
1858.08.23_DailyNews_0007	10752	1858.08.23_DailyNews	74453
1858.08.23_DailyNews_0008	5846	1858.08.23_DailyNews	74453
1858.08.23_Freeman'sJournalandDailyCommercialAdvertiser_0001	9198	1858.08.23_Freeman'sJournalandDailyCommercialAdvertiser	45843
1858.08.23_Freeman'sJournalandDailyCommercialAdvertiser_0002	10677	1858.08.23_Freeman'sJournalandDailyCommercialAdvertiser	45843
1858.08.23_Freeman'sJournalandDailyCommercialAdvertiser_0003	13081	1858.08.23_Freeman'sJournalandDailyCommercialAdvertiser	45843
1858.08.23_Freeman'sJournalandDailyCommercialAdvertiser_0004	12887	1858.08.23_Freeman'sJournalandDailyCommercialAdvertiser	45843
1858.08.23_GlasgowHerald_0001	8882	1858.08.23_GlasgowHerald	87856
1858.08.23_GlasgowHerald_0002	11268	1858.08.23_GlasgowHerald	87856
1858.08.23_GlasgowHerald_0003	13122	1858.08.23_GlasgowHerald	87856
1858.08.23_GlasgowHerald_0004	11475	1858.08.23_GlasgowHerald	87856
1858.08.23_GlasgowHerald_0005	10503	1858.08.23_GlasgowHerald	87856
1858.08.23_GlasgowHerald_0006	11763	1858.08.23_GlasgowHerald	87856
1858.08.23_GlasgowHerald_0007	11168	1858.08.23_GlasgowHerald	87856
1858.08.23_GlasgowHerald_0008	9675	1858.08.23_GlasgowHerald	87856
1858.08.23_LiverpoolMercuryetc_0001	9462	1858.08.23_LiverpoolMercuryetc	51628
1858.08.23_LiverpoolMercuryetc_0002	14836	1858.08.23_LiverpoolMercuryetc	51628
1858.08.23_LiverpoolMercuryetc_0003	15463	1858.08.23_LiverpoolMercuryetc	51628
1858.08.23_LiverpoolMercuryetc_0004	11867	1858.08.23_LiverpoolMercuryetc	51628
1858.08.23_TheBelfastNews-Letter_0001	8267	1858.08.23_TheBelfastNews-Letter	48691
1858.08.23_TheBelfastNews-Letter_0002	11290	1858.08.23_TheBelfastNews-Letter	48691
1858.08.23_TheBelfastNews-Letter_0003	14084	1858.08.23_TheBelfastNews-Letter	48691
1858.08.23_TheBelfastNews-Letter_0004	14121	1858.08.23_TheBelfastNews-Letter	48691
1858.08.23_TheBelfastNews-Letter_0005	929	1858.08.23_TheBelfastNews-Letter	48691
1858.08.23_TheMorningChronicle_0001	10744	1858.08.23_TheMorningChronicle	80336
1858.08.23_TheMorningChronicle_0002	8889	1858.08.23_TheMorningChronicle	80336
1858.08.23_TheMorningChronicle_0003	8835	1858.08.23_TheMorningChronicle	80336
1858.08.23_TheMorningChronicle_0004	7647	1858.08.23_TheMorningChronicle	80336
1858.08.23_TheMorningChronicle_0005	9205	1858.08.23_TheMorningChronicle	80336
1858.08.23_TheMorningChronicle_0006	12188	1858.08.23_TheMorningChronicle	80336
1858.08.23_TheMorningChronicle_0007	11459	1858.08.23_TheMorningChronicle	80336
1858.08.23_TheMorningChronicle_0008	11369	1858.08.23_TheMorningChronicle	80336
1858.08.23_Times_0001	6822	1858.08.23_Times	107688
1858.08.23_Times_0002	6687	1858.08.23_Times	107688
1858.08.23_Times_0003	8206	1858.08.23_Times	107688
1858.08.23_Times_0004	10980	1858.08.23_Times	107688
1858.08.23_Times_0005	8403	1858.08.23_Times	107688
1858.08.23_Times_0006	9222	1858.08.23_Times	107688
1858.08.23_Times_0007	9657	1858.08.23_Times	107688
1858.08.23_Times_0008	10055	1858.08.23_Times	107688
1858.08.23_Times_0009	12083	1858.08.23_Times	107688
1858.08.23_Times_0010	9342	1858.08.23_Times	107688
1858.08.23_Times_0011	7557	1858.08.23_Times	107688
1858.08.23_Times_0012	8674	1858.08.23_Times	107688
1858.08.24_BirminghamDailyPost_0001	9058	1858.08.24_BirminghamDailyPost	34001
1858.08.24_BirminghamDailyPost_0002	8352	1858.08.24_BirminghamDailyPost	34001
1858.08.24_BirminghamDailyPost_0003	6309	1858.08.24_BirminghamDailyPost	34001
1858.08.24_BirminghamDailyPost_0004	10282	1858.08.24_BirminghamDailyPost	34001
1858.08.24_CaledonianMercury_0001	7164	1858.08.24_CaledonianMercury	36086
1858.08.24_CaledonianMercury_0002	8890	1858.08.24_CaledonianMercury	36086
1858.08.24_CaledonianMercury_0003	8794	1858.08.24_CaledonianMercury	36086
1858.08.24_CaledonianMercury_0004	10678	1858.08.24_CaledonianMercury	36086
1858.08.24_CaledonianMercury_0005	560	1858.08.24_CaledonianMercury	36086
1858.08.24_DailyNews_0001	8033	1858.08.24_DailyNews	80997
1858.08.24_DailyNews_0002	11632	1858.08.24_DailyNews	80997
1858.08.24_DailyNews_0003	10851	1858.08.24_DailyNews	80997
1858.08.24_DailyNews_0004	8338	1858.08.24_DailyNews	80997
1858.08.24_DailyNews_0005	8761	1858.08.24_DailyNews	80997
1858.08.24_DailyNews_0006	12239	1858.08.24_DailyNews	80997
1858.08.24_DailyNews_0007	11555	1858.08.24_DailyNews	80997
1858.08.24_DailyNews_0008	9588	1858.08.24_DailyNews	80997
1858.08.24_Freeman'sJournalandDailyCommercialAdvertiser_0001	8990	1858.08.24_Freeman'sJournalandDailyCommercialAdvertiser	47232
1858.08.24_Freeman'sJournalandDailyCommercialAdvertiser_0002	10740	1858.08.24_Freeman'sJournalandDailyCommercialAdvertiser	47232
1858.08.24_Freeman'sJournalandDailyCommercialAdvertiser_0003	14029	1858.08.24_Freeman'sJournalandDailyCommercialAdvertiser	47232
1858.08.24_Freeman'sJournalandDailyCommercialAdvertiser_0004	13473	1858.08.24_Freeman'sJournalandDailyCommercialAdvertiser	47232
1858.08.24_LiverpoolMercuryetc_0001	9835	1858.08.24_LiverpoolMercuryetc	114880
1858.08.24_LiverpoolMercuryetc_0002	13619	1858.08.24_LiverpoolMercuryetc	114880
1858.08.24_LiverpoolMercuryetc_0003	15459	1858.08.24_LiverpoolMercuryetc	114880
1858.08.24_LiverpoolMercuryetc_0004	15009	1858.08.24_LiverpoolMercuryetc	114880
1858.08.24_LiverpoolMercuryetc_0005	15821	1858.08.24_LiverpoolMercuryetc	114880
1858.08.24_LiverpoolMercuryetc_0006	14506	1858.08.24_LiverpoolMercuryetc	114880
1858.08.24_LiverpoolMercuryetc_0007	16755	1858.08.24_LiverpoolMercuryetc	114880
1858.08.24_LiverpoolMercuryetc_0008	13876	1858.08.24_LiverpoolMercuryetc	114880
1858.08.24_TheBelfastNews-Letter_0001	8652	1858.08.24_TheBelfastNews-Letter	45731
1858.08.24_TheBelfastNews-Letter_0002	10120	1858.08.24_TheBelfastNews-Letter	45731
1858.08.24_TheBelfastNews-Letter_0003	12738	1858.08.24_TheBelfastNews-Letter	45731
1858.08.24_TheBelfastNews-Letter_0004	13003	1858.08.24_TheBelfastNews-Letter	45731
1858.08.24_TheBelfastNews-Letter_0005	1218	1858.08.24_TheBelfastNews-Letter	45731
1858.08.24_TheLeedsMercury_0001	11928	1858.08.24_TheLeedsMercury	49988
1858.08.24_TheLeedsMercury_0002	11297	1858.08.24_TheLeedsMercury	49988
1858.08.24_TheLeedsMercury_0003	13468	1858.08.24_TheLeedsMercury	49988
1858.08.24_TheLeedsMercury_0004	13295	1858.08.24_TheLeedsMercury	49988
1858.08.24_TheMorningChronicle_0001	9507	1858.08.24_TheMorningChronicle	82039
1858.08.24_TheMorningChronicle_0002	8877	1858.08.24_TheMorningChronicle	82039
1858.08.24_TheMorningChronicle_0003	10957	1858.08.24_TheMorningChronicle	82039
1858.08.24_TheMorningChronicle_0004	7592	1858.08.24_TheMorningChronicle	82039
1858.08.24_TheMorningChronicle_0005	10785	1858.08.24_TheMorningChronicle	82039
1858.08.24_TheMorningChronicle_0006	13423	1858.08.24_TheMorningChronicle	82039
1858.08.24_TheMorningChronicle_0007	9252	1858.08.24_TheMorningChronicle	82039
1858.08.24_TheMorningChronicle_0008	11646	1858.08.24_TheMorningChronicle	82039
1858.08.24_Times_0001	7258	1858.08.24_Times	103685
1858.08.24_Times_0002	8792	1858.08.24_Times	103685
1858.08.24_Times_0003	8071	1858.08.24_Times	103685
1858.08.24_Times_0004	6736	1858.08.24_Times	103685
1858.08.24_Times_0005	6907	1858.08.24_Times	103685
1858.08.24_Times_0006	8425	1858.08.24_Times	103685
1858.08.24_Times_0007	10218	1858.08.24_Times	103685
1858.08.24_Times_0008	9598	1858.08.24_Times	103685
1858.08.24_Times_0009	10990	1858.08.24_Times	103685
1858.08.24_Times_0010	11409	1858.08.24_Times	103685
1858.08.24_Times_0011	7244	1858.08.24_Times	103685
1858.08.24_Times_0012	8037	1858.08.24_Times	103685
1858.08.25_BanerCymru_0001	2196	1858.08.25_BanerCymru	49790
1858.08.25_BanerCymru_0002	3083	1858.08.25_BanerCymru	49790
1858.08.25_BanerCymru_0003	3083	1858.08.25_BanerCymru	49790
1858.08.25_BanerCymru_0004	3033	1858.08.25_BanerCymru	49790
1858.08.25_BanerCymru_0005	3004	1858.08.25_BanerCymru	49790
1858.08.25_BanerCymru_0006	3518	1858.08.25_BanerCymru	49790
1858.08.25_BanerCymru_0007	3607	1858.08.25_BanerCymru	49790
1858.08.25_BanerCymru_0008	2713	1858.08.25_BanerCymru	49790
1858.08.25_BanerCymru_0009	2652	1858.08.25_BanerCymru	49790
1858.08.25_BanerCymru_0010	3260	1858.08.25_BanerCymru	49790
1858.08.25_BanerCymru_0011	2901	1858.08.25_BanerCymru	49790
1858.08.25_BanerCymru_0012	3325	1858.08.25_BanerCymru	49790
1858.08.25_BanerCymru_0013	3432	1858.08.25_BanerCymru	49790
1858.08.25_BanerCymru_0014	3409	1858.08.25_BanerCymru	49790
1858.08.25_BanerCymru_0015	3700	1858.08.25_BanerCymru	49790
1858.08.25_BanerCymru_0016	2874	1858.08.25_BanerCymru	49790
1858.08.25_BirminghamDailyPost_0001	8684	1858.08.25_BirminghamDailyPost	34739
1858.08.25_BirminghamDailyPost_0002	10186	1858.08.25_BirminghamDailyPost	34739
1858.08.25_BirminghamDailyPost_0003	6845	1858.08.25_BirminghamDailyPost	34739
1858.08.25_BirminghamDailyPost_0004	9024	1858.08.25_BirminghamDailyPost	34739
1858.08.25_CaledonianMercury_0001	7053	1858.08.25_CaledonianMercury	35696
1858.08.25_CaledonianMercury_0002	8716	1858.08.25_CaledonianMercury	35696
1858.08.25_CaledonianMercury_0003	8815	1858.08.25_CaledonianMercury	35696
1858.08.25_CaledonianMercury_0004	10449	1858.08.25_CaledonianMercury	35696
1858.08.25_CaledonianMercury_0005	663	1858.08.25_CaledonianMercury	35696
1858.08.25_DailyNews_0001	9821	1858.08.25_DailyNews	82046
1858.08.25_DailyNews_0002	10953	1858.08.25_DailyNews	82046
1858.08.25_DailyNews_0003	11607	1858.08.25_DailyNews	82046
1858.08.25_DailyNews_0004	8196	1858.08.25_DailyNews	82046
1858.08.25_DailyNews_0005	10156	1858.08.25_DailyNews	82046
1858.08.25_DailyNews_0006	11033	1858.08.25_DailyNews	82046
1858.08.25_DailyNews_0007	10790	1858.08.25_DailyNews	82046
1858.08.25_DailyNews_0008	9490	1858.08.25_DailyNews	82046
1858.08.25_Freeman'sJournalandDailyCommercialAdvertiser_0001	10010	1858.08.25_Freeman'sJournalandDailyCommercialAdvertiser	47267
1858.08.25_Freeman'sJournalandDailyCommercialAdvertiser_0002	10665	1858.08.25_Freeman'sJournalandDailyCommercialAdvertiser	47267
1858.08.25_Freeman'sJournalandDailyCommercialAdvertiser_0003	14258	1858.08.25_Freeman'sJournalandDailyCommercialAdvertiser	47267
1858.08.25_Freeman'sJournalandDailyCommercialAdvertiser_0004	12334	1858.08.25_Freeman'sJournalandDailyCommercialAdvertiser	47267
1858.08.25_GlasgowHerald_0001	9162	1858.08.25_GlasgowHerald	88088
1858.08.25_GlasgowHerald_0002	12739	1858.08.25_GlasgowHerald	88088
1858.08.25_GlasgowHerald_0003	10713	1858.08.25_GlasgowHerald	88088
1858.08.25_GlasgowHerald_0004	10385	1858.08.25_GlasgowHerald	88088
1858.08.25_GlasgowHerald_0005	10676	1858.08.25_GlasgowHerald	88088
1858.08.25_GlasgowHerald_0006	12180	1858.08.25_GlasgowHerald	88088
1858.08.25_GlasgowHerald_0007	11606	1858.08.25_GlasgowHerald	88088
1858.08.25_GlasgowHerald_0008	10627	1858.08.25_GlasgowHerald	88088
1858.08.25_LiverpoolMercuryetc_0001	10870	1858.08.25_LiverpoolMercuryetc	53811
1858.08.25_LiverpoolMercuryetc_0002	13808	1858.08.25_LiverpoolMercuryetc	53811
1858.08.25_LiverpoolMercuryetc_0003	15694	1858.08.25_LiverpoolMercuryetc	53811
1858.08.25_LiverpoolMercuryetc_0004	13439	1858.08.25_LiverpoolMercuryetc	53811
1858.08.25_TheAberdeenJournal_0001	9579	1858.08.25_TheAberdeenJournal	98713
1858.08.25_TheAberdeenJournal_0002	11970	1858.08.25_TheAberdeenJournal	98713
1858.08.25_TheAberdeenJournal_0003	13877	1858.08.25_TheAberdeenJournal	98713
1858.08.25_TheAberdeenJournal_0004	9720	1858.08.25_TheAberdeenJournal	98713
1858.08.25_TheAberdeenJournal_0005	13417	1858.08.25_TheAberdeenJournal	98713
1858.08.25_TheAberdeenJournal_0006	14569	1858.08.25_TheAberdeenJournal	98713
1858.08.25_TheAberdeenJournal_0007	14060	1858.08.25_TheAberdeenJournal	98713
1858.08.25_TheAberdeenJournal_0008	11521	1858.08.25_TheAberdeenJournal	98713
1858.08.25_TheBelfastNews-Letter_0001	8651	1858.08.25_TheBelfastNews-Letter	44464
1858.08.25_TheBelfastNews-Letter_0002	10416	1858.08.25_TheBelfastNews-Letter	44464
1858.08.25_TheBelfastNews-Letter_0003	11465	1858.08.25_TheBelfastNews-Letter	44464
1858.08.25_TheBelfastNews-Letter_0004	13932	1858.08.25_TheBelfastNews-Letter	44464
1858.08.25_TheDerbyMercury_0001	8457	1858.08.25_TheDerbyMercury	95580
1858.08.25_TheDerbyMercury_0002	14227	1858.08.25_TheDerbyMercury	95580
1858.08.25_TheDerbyMercury_0003	11724	1858.08.25_TheDerbyMercury	95580
1858.08.25_TheDerbyMercury_0004	8560	1858.08.25_TheDerbyMercury	95580
1858.08.25_TheDerbyMercury_0005	11693	1858.08.25_TheDerbyMercury	95580
1858.08.25_TheDerbyMercury_0006	13682	1858.08.25_TheDerbyMercury	95580
1858.08.25_TheDerbyMercury_0007	13465	1858.08.25_TheDerbyMercury	95580
1858.08.25_TheDerbyMercury_0008	13772	1858.08.25_TheDerbyMercury	95580
1858.08.25_TheMorningChronicle_0001	9826	1858.08.25_TheMorningChronicle	81419
1858.08.25_TheMorningChronicle_0002	8997	1858.08.25_TheMorningChronicle	81419
1858.08.25_TheMorningChronicle_0003	11359	1858.08.25_TheMorningChronicle	81419
1858.08.25_TheMorningChronicle_0004	7898	1858.08.25_TheMorningChronicle	81419
1858.08.25_TheMorningChronicle_0005	8855	1858.08.25_TheMorningChronicle	81419
1858.08.25_TheMorningChronicle_0006	11853	1858.08.25_TheMorningChronicle	81419
1858.08.25_TheMorningChronicle_0007	10882	1858.08.25_TheMorningChronicle	81419
1858.08.25_TheMorningChronicle_0008	11749	1858.08.25_TheMorningChronicle	81419
1858.08.25_Times_0001	7113	1858.08.25_Times	112117
1858.08.25_Times_0002	7052	1858.08.25_Times	112117
1858.08.25_Times_0003	10064	1858.08.25_Times	112117
1858.08.25_Times_0004	9200	1858.08.25_Times	112117
1858.08.25_Times_0005	13613	1858.08.25_Times	112117
1858.08.25_Times_0006	8420	1858.08.25_Times	112117
1858.08.25_Times_0007	10925	1858.08.25_Times	112117
1858.08.25_Times_0008	7279	1858.08.25_Times	112117
1858.08.25_Times_0009	11543	1858.08.25_Times	112117
1858.08.25_Times_0010	10569	1858.08.25_Times	112117
1858.08.25_Times_0011	7416	1858.08.25_Times	112117
1858.08.25_Times_0012	8923	1858.08.25_Times	112117
1858.08.26_BirminghamDailyPost_0001	10034	1858.08.26_BirminghamDailyPost	34946
1858.08.26_BirminghamDailyPost_0002	8377	1858.08.26_BirminghamDailyPost	34946
1858.08.26_BirminghamDailyPost_0003	6545	1858.08.26_BirminghamDailyPost	34946
1858.08.26_BirminghamDailyPost_0004	9990	1858.08.26_BirminghamDailyPost	34946
1858.08.26_CaledonianMercury_0001	7450	1858.08.26_CaledonianMercury	36946
1858.08.26_CaledonianMercury_0002	8558	1858.08.26_CaledonianMercury	36946
1858.08.26_CaledonianMercury_0003	9530	1858.08.26_CaledonianMercury	36946
1858.08.26_CaledonianMercury_0004	10897	1858.08.26_CaledonianMercury	36946
1858.08.26_CaledonianMercury_0005	511	1858.08.26_CaledonianMercury	36946
1858.08.26_DailyNews_0001	7976	1858.08.26_DailyNews	83934
1858.08.26_DailyNews_0002	11112	1858.08.26_DailyNews	83934
1858.08.26_DailyNews_0003	11869	1858.08.26_DailyNews	83934
1858.08.26_DailyNews_0004	8369	1858.08.26_DailyNews	83934
1858.08.26_DailyNews_0005	11562	1858.08.26_DailyNews	83934
1858.08.26_DailyNews_0006	11372	1858.08.26_DailyNews	83934
1858.08.26_DailyNews_0007	12000	1858.08.26_DailyNews	83934
1858.08.26_DailyNews_0008	9674	1858.08.26_DailyNews	83934
1858.08.26_Freeman'sJournalandDailyCommercialAdvertiser_0001	9610	1858.08.26_Freeman'sJournalandDailyCommercialAdvertiser	45145
1858.08.26_Freeman'sJournalandDailyCommercialAdvertiser_0002	10365	1858.08.26_Freeman'sJournalandDailyCommercialAdvertiser	45145
1858.08.26_Freeman'sJournalandDailyCommercialAdvertiser_0003	13580	1858.08.26_Freeman'sJournalandDailyCommercialAdvertiser	45145
1858.08.26_Freeman'sJournalandDailyCommercialAdvertiser_0004	11590	1858.08.26_Freeman'sJournalandDailyCommercialAdvertiser	45145
1858.08.26_LiverpoolMercuryetc_0001	10279	1858.08.26_LiverpoolMercuryetc	53596
1858.08.26_LiverpoolMercuryetc_0002	14176	1858.08.26_LiverpoolMercuryetc	53596
1858.08.26_LiverpoolMercuryetc_0003	16087	1858.08.26_LiverpoolMercuryetc	53596
1858.08.26_LiverpoolMercuryetc_0004	13054	1858.08.26_LiverpoolMercuryetc	53596
1858.08.26_TheBelfastNews-Letter_0001	8299	1858.08.26_TheBelfastNews-Letter	46791
1858.08.26_TheBelfastNews-Letter_0002	11159	1858.08.26_TheBelfastNews-Letter	46791
1858.08.26_TheBelfastNews-Letter_0003	13744	1858.08.26_TheBelfastNews-Letter	46791
1858.08.26_TheBelfastNews-Letter_0004	13021	1858.08.26_TheBelfastNews-Letter	46791
1858.08.26_TheBelfastNews-Letter_0005	568	1858.08.26_TheBelfastNews-Letter	46791
1858.08.26_TheLeedsMercury_0001	10984	1858.08.26_TheLeedsMercury	50671
1858.08.26_TheLeedsMercury_0002	11648	1858.08.26_TheLeedsMercury	50671
1858.08.26_TheLeedsMercury_0003	14492	1858.08.26_TheLeedsMercury	50671
1858.08.26_TheLeedsMercury_0004	13547	1858.08.26_TheLeedsMercury	50671
1858.08.26_TheMorningChronicle_0001	9995	1858.08.26_TheMorningChronicle	82070
1858.08.26_TheMorningChronicle_0002	8467	1858.08.26_TheMorningChronicle	82070
1858.08.26_TheMorningChronicle_0003	10629	1858.08.26_TheMorningChronicle	82070
1858.08.26_TheMorningChronicle_0004	8172	1858.08.26_TheMorningChronicle	82070
1858.08.26_TheMorningChronicle_0005	10110	1858.08.26_TheMorningChronicle	82070
1858.08.26_TheMorningChronicle_0006	12261	1858.08.26_TheMorningChronicle	82070
1858.08.26_TheMorningChronicle_0007	10436	1858.08.26_TheMorningChronicle	82070
1858.08.26_TheMorningChronicle_0008	12000	1858.08.26_TheMorningChronicle	82070
1858.08.26_Times_0001	7940	1858.08.26_Times	148351
1858.08.26_Times_0002	8624	1858.08.26_Times	148351
1858.08.26_Times_0003	7926	1858.08.26_Times	148351
1858.08.26_Times_0004	8428	1858.08.26_Times	148351
1858.08.26_Times_0005	8305	1858.08.26_Times	148351
1858.08.26_Times_0006	8135	1858.08.26_Times	148351
1858.08.26_Times_0007	15433	1858.08.26_Times	148351
1858.08.26_Times_0008	6704	1858.08.26_Times	148351
1858.08.26_Times_0009	10987	1858.08.26_Times	148351
1858.08.26_Times_0010	10346	1858.08.26_Times	148351
1858.08.26_Times_0011	10744	1858.08.26_Times	148351
1858.08.26_Times_0012	12189	1858.08.26_Times	148351
1858.08.26_Times_0013	7930	1858.08.26_Times	148351
1858.08.26_Times_0014	7973	1858.08.26_Times	148351
1858.08.26_Times_0015	7841	1858.08.26_Times	148351
1858.08.26_Times_0016	8846	1858.08.26_Times	148351
1858.08.26_Trewman'sExeterFlyingPostorPlymouthandCornishAdvertiser_0001	9509	1858.08.26_Trewman'sExeterFlyingPostorPlymouthandCornishAdvertiser	87001
1858.08.26_Trewman'sExeterFlyingPostorPlymouthandCornishAdvertiser_0002	11457	1858.08.26_Trewman'sExeterFlyingPostorPlymouthandCornishAdvertiser	87001
1858.08.26_Trewman'sExeterFlyingPostorPlymouthandCornishAdvertiser_0003	13194	1858.08.26_Trewman'sExeterFlyingPostorPlymouthandCornishAdvertiser	87001
1858.08.26_Trewman'sExeterFlyingPostorPlymouthandCornishAdvertiser_0004	6683	1858.08.26_Trewman'sExeterFlyingPostorPlymouthandCornishAdvertiser	87001
1858.08.26_Trewman'sExeterFlyingPostorPlymouthandCornishAdvertiser_0005	9053	1858.08.26_Trewman'sExeterFlyingPostorPlymouthandCornishAdvertiser	87001
1858.08.26_Trewman'sExeterFlyingPostorPlymouthandCornishAdvertiser_0006	12169	1858.08.26_Trewman'sExeterFlyingPostorPlymouthandCornishAdvertiser	87001
1858.08.26_Trewman'sExeterFlyingPostorPlymouthandCornishAdvertiser_0007	12941	1858.08.26_Trewman'sExeterFlyingPostorPlymouthandCornishAdvertiser	87001
1858.08.26_Trewman'sExeterFlyingPostorPlymouthandCornishAdvertiser_0008	11995	1858.08.26_Trewman'sExeterFlyingPostorPlymouthandCornishAdvertiser	87001
1858.08.27_BirminghamDailyPost_0001	9957	1858.08.27_BirminghamDailyPost	33664
1858.08.27_BirminghamDailyPost_0002	7790	1858.08.27_BirminghamDailyPost	33664
1858.08.27_BirminghamDailyPost_0003	6473	1858.08.27_BirminghamDailyPost	33664
1858.08.27_BirminghamDailyPost_0004	9444	1858.08.27_BirminghamDailyPost	33664
1858.08.27_CaledonianMercury_0001	7330	1858.08.27_CaledonianMercury	36162
1858.08.27_CaledonianMercury_0002	9007	1858.08.27_CaledonianMercury	36162
1858.08.27_CaledonianMercury_0003	9442	1858.08.27_CaledonianMercury	36162
1858.08.27_CaledonianMercury_0004	9886	1858.08.27_CaledonianMercury	36162
1858.08.27_CaledonianMercury_0005	497	1858.08.27_CaledonianMercury	36162
1858.08.27_DailyNews_0001	7863	1858.08.27_DailyNews	84009
1858.08.27_DailyNews_0002	11123	1858.08.27_DailyNews	84009
1858.08.27_DailyNews_0003	12050	1858.08.27_DailyNews	84009
1858.08.27_DailyNews_0004	8654	1858.08.27_DailyNews	84009
1858.08.27_DailyNews_0005	10216	1858.08.27_DailyNews	84009
1858.08.27_DailyNews_0006	12418	1858.08.27_DailyNews	84009
1858.08.27_DailyNews_0007	12213	1858.08.27_DailyNews	84009
1858.08.27_DailyNews_0008	9472	1858.08.27_DailyNews	84009
1858.08.27_Freeman'sJournalandDailyCommercialAdvertiser_0001	9826	1858.08.27_Freeman'sJournalandDailyCommercialAdvertiser	49645
1858.08.27_Freeman'sJournalandDailyCommercialAdvertiser_0002	12001	1858.08.27_Freeman'sJournalandDailyCommercialAdvertiser	49645
1858.08.27_Freeman'sJournalandDailyCommercialAdvertiser_0003	14406	1858.08.27_Freeman'sJournalandDailyCommercialAdvertiser	49645
1858.08.27_Freeman'sJournalandDailyCommercialAdvertiser_0004	13412	1858.08.27_Freeman'sJournalandDailyCommercialAdvertiser	49645
1858.08.27_GlasgowHerald_0001	8518	1858.08.27_GlasgowHerald	86006
1858.08.27_GlasgowHerald_0002	10853	1858.08.27_GlasgowHerald	86006
1858.08.27_GlasgowHerald_0003	11967	1858.08.27_GlasgowHerald	86006
1858.08.27_GlasgowHerald_0004	11131	1858.08.27_GlasgowHerald	86006
1858.08.27_GlasgowHerald_0005	10450	1858.08.27_GlasgowHerald	86006
1858.08.27_GlasgowHerald_0006	12053	1858.08.27_GlasgowHerald	86006
1858.08.27_GlasgowHerald_0007	11401	1858.08.27_GlasgowHerald	86006
1858.08.27_GlasgowHerald_0008	9633	1858.08.27_GlasgowHerald	86006
1858.08.27_LiverpoolMercuryetc_0001	10424	1858.08.27_LiverpoolMercuryetc	132602
1858.08.27_LiverpoolMercuryetc_0002	12123	1858.08.27_LiverpoolMercuryetc	132602
1858.08.27_LiverpoolMercuryetc_0003	12896	1858.08.27_LiverpoolMercuryetc	132602
1858.08.27_LiverpoolMercuryetc_0004	13430	1858.08.27_LiverpoolMercuryetc	132602
1858.08.27_LiverpoolMercuryetc_0005	13933	1858.08.27_LiverpoolMercuryetc	132602
1858.08.27_LiverpoolMercuryetc_0006	13842	1858.08.27_LiverpoolMercuryetc	132602
1858.08.27_LiverpoolMercuryetc_0007	15923	1858.08.27_LiverpoolMercuryetc	132602
1858.08.27_LiverpoolMercuryetc_0008	12889	1858.08.27_LiverpoolMercuryetc	132602
1858.08.27_LiverpoolMercuryetc_0009	12064	1858.08.27_LiverpoolMercuryetc	132602
1858.08.27_LiverpoolMercuryetc_0010	15078	1858.08.27_LiverpoolMercuryetc	132602
1858.08.27_TheBelfastNews-Letter_0001	7991	1858.08.27_TheBelfastNews-Letter	44466
1858.08.27_TheBelfastNews-Letter_0002	10738	1858.08.27_TheBelfastNews-Letter	44466
1858.08.27_TheBelfastNews-Letter_0003	12497	1858.08.27_TheBelfastNews-Letter	44466
1858.08.27_TheBelfastNews-Letter_0004	13240	1858.08.27_TheBelfastNews-Letter	44466
1858.08.27_TheHullPacketandEastRidingTimes_0001	6242	1858.08.27_TheHullPacketandEastRidingTimes	92614
1858.08.27_TheHullPacketandEastRidingTimes_0002	13026	1858.08.27_TheHullPacketandEastRidingTimes	92614
1858.08.27_TheHullPacketandEastRidingTimes_0003	15086	1858.08.27_TheHullPacketandEastRidingTimes	92614
1858.08.27_TheHullPacketandEastRidingTimes_0004	8823	1858.08.27_TheHullPacketandEastRidingTimes	92614
1858.08.27_TheHullPacketandEastRidingTimes_0005	12368	1858.08.27_TheHullPacketandEastRidingTimes	92614
1858.08.27_TheHullPacketandEastRidingTimes_0006	12708	1858.08.27_TheHullPacketandEastRidingTimes	92614
1858.08.27_TheHullPacketandEastRidingTimes_0007	11694	1858.08.27_TheHullPacketandEastRidingTimes	92614
1858.08.27_TheHullPacketandEastRidingTimes_0008	12667	1858.08.27_TheHullPacketandEastRidingTimes	92614
1858.08.27_TheMorningChronicle_0001	9021	1858.08.27_TheMorningChronicle	80031
1858.08.27_TheMorningChronicle_0002	8184	1858.08.27_TheMorningChronicle	80031
1858.08.27_TheMorningChronicle_0003	9598	1858.08.27_TheMorningChronicle	80031
1858.08.27_TheMorningChronicle_0004	8815	1858.08.27_TheMorningChronicle	80031
1858.08.27_TheMorningChronicle_0005	10138	1858.08.27_TheMorningChronicle	80031
1858.08.27_TheMorningChronicle_0006	12510	1858.08.27_TheMorningChronicle	80031
1858.08.27_TheMorningChronicle_0007	9694	1858.08.27_TheMorningChronicle	80031
1858.08.27_TheMorningChronicle_0008	12071	1858.08.27_TheMorningChronicle	80031
1858.08.27_TheNewcastleCourantetc_0001	9354	1858.08.27_TheNewcastleCourantetc	109038
1858.08.27_TheNewcastleCourantetc_0002	15512	1858.08.27_TheNewcastleCourantetc	109038
1858.08.27_TheNewcastleCourantetc_0003	14634	1858.08.27_TheNewcastleCourantetc	109038
1858.08.27_TheNewcastleCourantetc_0004	11536	1858.08.27_TheNewcastleCourantetc	109038
1858.08.27_TheNewcastleCourantetc_0005	14616	1858.08.27_TheNewcastleCourantetc	109038
1858.08.27_TheNewcastleCourantetc_0006	15646	1858.08.27_TheNewcastleCourantetc	109038
1858.08.27_TheNewcastleCourantetc_0007	15461	1858.08.27_TheNewcastleCourantetc	109038
1858.08.27_TheNewcastleCourantetc_0008	12279	1858.08.27_TheNewcastleCourantetc	109038
1858.08.27_Times_0001	7225	1858.08.27_Times	106629
1858.08.27_Times_0002	7689	1858.08.27_Times	106629
1858.08.27_Times_0003	7617	1858.08.27_Times	106629
1858.08.27_Times_0004	8483	1858.08.27_Times	106629
1858.08.27_Times_0005	7116	1858.08.27_Times	106629
1858.08.27_Times_0006	8759	1858.08.27_Times	106629
1858.08.27_Times_0007	9655	1858.08.27_Times	106629
1858.08.27_Times_0008	11185	1858.08.27_Times	106629
1858.08.27_Times_0009	12249	1858.08.27_Times	106629
1858.08.27_Times_0010	10840	1858.08.27_Times	106629
1858.08.27_Times_0011	7507	1858.08.27_Times	106629
1858.08.27_Times_0012	8304	1858.08.27_Times	106629
1858.08.28_CaledonianMercury_0001	7414	1858.08.28_CaledonianMercury	36389
1858.08.28_CaledonianMercury_0002	8695	1858.08.28_CaledonianMercury	36389
1858.08.28_CaledonianMercury_0003	8516	1858.08.28_CaledonianMercury	36389
1858.08.28_CaledonianMercury_0004	10676	1858.08.28_CaledonianMercury	36389
1858.08.28_CaledonianMercury_0005	1088	1858.08.28_CaledonianMercury	36389
1858.08.28_DailyNews_0001	7998	1858.08.28_DailyNews	82449
1858.08.28_DailyNews_0002	11617	1858.08.28_DailyNews	82449
1858.08.28_DailyNews_0003	12015	1858.08.28_DailyNews	82449
1858.08.28_DailyNews_0004	8354	1858.08.28_DailyNews	82449
1858.08.28_DailyNews_0005	9788	1858.08.28_DailyNews	82449
1858.08.28_DailyNews_0006	11853	1858.08.28_DailyNews	82449
1858.08.28_DailyNews_0007	11312	1858.08.28_DailyNews	82449
1858.08.28_DailyNews_0008	9512	1858.08.28_DailyNews	82449
1858.08.28_Freeman'sJournalandDailyCommercialAdvertiser_0001	9146	1858.08.28_Freeman'sJournalandDailyCommercialAdvertiser	47414
1858.08.28_Freeman'sJournalandDailyCommercialAdvertiser_0002	11644	1858.08.28_Freeman'sJournalandDailyCommercialAdvertiser	47414
1858.08.28_Freeman'sJournalandDailyCommercialAdvertiser_0003	13887	1858.08.28_Freeman'sJournalandDailyCommercialAdvertiser	47414
1858.08.28_Freeman'sJournalandDailyCommercialAdvertiser_0004	12737	1858.08.28_Freeman'sJournalandDailyCommercialAdvertiser	47414
1858.08.28_HampshireTelegraphandSussexChronicleetc_0001	9335	1858.08.28_HampshireTelegraphandSussexChronicleetc	92171
1858.08.28_HampshireTelegraphandSussexChronicleetc_0002	9817	1858.08.28_HampshireTelegraphandSussexChronicleetc	92171
1858.08.28_HampshireTelegraphandSussexChronicleetc_0003	13661	1858.08.28_HampshireTelegraphandSussexChronicleetc	92171
1858.08.28_HampshireTelegraphandSussexChronicleetc_0004	11767	1858.08.28_HampshireTelegraphandSussexChronicleetc	92171
1858.08.28_HampshireTelegraphandSussexChronicleetc_0005	12068	1858.08.28_HampshireTelegraphandSussexChronicleetc	92171
1858.08.28_HampshireTelegraphandSussexChronicleetc_0006	12848	1858.08.28_HampshireTelegraphandSussexChronicleetc	92171
1858.08.28_HampshireTelegraphandSussexChronicleetc_0007	11220	1858.08.28_HampshireTelegraphandSussexChronicleetc	92171
1858.08.28_HampshireTelegraphandSussexChronicleetc_0008	11455	1858.08.28_HampshireTelegraphandSussexChronicleetc	92171
1858.08.28_Jackson'sOxfordJournal_0001	7425	1858.08.28_Jackson'sOxfordJournal	89815
1858.08.28_Jackson'sOxfordJournal_0002	11023	1858.08.28_Jackson'sOxfordJournal	89815
1858.08.28_Jackson'sOxfordJournal_0003	13197	1858.08.28_Jackson'sOxfordJournal	89815
1858.08.28_Jackson'sOxfordJournal_0004	11520	1858.08.28_Jackson'sOxfordJournal	89815
1858.08.28_Jackson'sOxfordJournal_0005	11522	1858.08.28_Jackson'sOxfordJournal	89815
1858.08.28_Jackson'sOxfordJournal_0006	12216	1858.08.28_Jackson'sOxfordJournal	89815
1858.08.28_Jackson'sOxfordJournal_0007	11034	1858.08.28_Jackson'sOxfordJournal	89815
1858.08.28_Jackson'sOxfordJournal_0008	11878	1858.08.28_Jackson'sOxfordJournal	89815
1858.08.28_LiverpoolMercuryetc_0001	10389	1858.08.28_LiverpoolMercuryetc	167440
1858.08.28_LiverpoolMercuryetc_0002	14325	1858.08.28_LiverpoolMercuryetc	167440
1858.08.28_LiverpoolMercuryetc_0003	15259	1858.08.28_LiverpoolMercuryetc	167440
1858.08.28_LiverpoolMercuryetc_0004	13279	1858.08.28_LiverpoolMercuryetc	167440
1858.08.28_LiverpoolMercuryetc_0005	10978	1858.08.28_LiverpoolMercuryetc	167440
1858.08.28_LiverpoolMercuryetc_0006	12466	1858.08.28_LiverpoolMercuryetc	167440
1858.08.28_LiverpoolMercuryetc_0007	14610	1858.08.28_LiverpoolMercuryetc	167440
1858.08.28_LiverpoolMercuryetc_0008	15836	1858.08.28_LiverpoolMercuryetc	167440
1858.08.28_LiverpoolMercuryetc_0009	14969	1858.08.28_LiverpoolMercuryetc	167440
1858.08.28_LiverpoolMercuryetc_0010	14961	1858.08.28_LiverpoolMercuryetc	167440
1858.08.28_LiverpoolMercuryetc_0011	17430	1858.08.28_LiverpoolMercuryetc	167440
1858.08.28_LiverpoolMercuryetc_0012	12938	1858.08.28_LiverpoolMercuryetc	167440
1858.08.28_ManchesterTimes_0001	5398	1858.08.28_ManchesterTimes	72996
1858.08.28_ManchesterTimes_0002	11608	1858.08.28_ManchesterTimes	72996
1858.08.28_ManchesterTimes_0003	6038	1858.08.28_ManchesterTimes	72996
1858.08.28_ManchesterTimes_0004	9928	1858.08.28_ManchesterTimes	72996
1858.08.28_ManchesterTimes_0005	11371	1858.08.28_ManchesterTimes	72996
1858.08.28_ManchesterTimes_0006	9335	1858.08.28_ManchesterTimes	72996
1858.08.28_ManchesterTimes_0007	7533	1858.08.28_ManchesterTimes	72996
1858.08.28_ManchesterTimes_0008	11785	1858.08.28_ManchesterTimes	72996
1858.08.28_NorthWalesChronicle_0001	7917	1858.08.28_NorthWalesChronicle	110787
1858.08.28_NorthWalesChronicle_0002	11006	1858.08.28_NorthWalesChronicle	110787
1858.08.28_NorthWalesChronicle_0003	10518	1858.08.28_NorthWalesChronicle	110787
1858.08.28_NorthWalesChronicle_0004	10316	1858.08.28_NorthWalesChronicle	110787
1858.08.28_NorthWalesChronicle_0005	10487	1858.08.28_NorthWalesChronicle	110787
1858.08.28_NorthWalesChronicle_0006	10888	1858.08.28_NorthWalesChronicle	110787
1858.08.28_NorthWalesChronicle_0007	10278	1858.08.28_NorthWalesChronicle	110787
1858.08.28_NorthWalesChronicle_0008	10838	1858.08.28_NorthWalesChronicle	110787
1858.08.28_NorthWalesChronicle_0009	2862	1858.08.28_NorthWalesChronicle	110787
1858.08.28_NorthWalesChronicle_0010	6399	1858.08.28_NorthWalesChronicle	110787
1858.08.28_NorthWalesChronicle_0011	8343	1858.08.28_NorthWalesChronicle	110787
1858.08.28_NorthWalesChronicle_0012	10935	1858.08.28_NorthWalesChronicle	110787
1858.08.28_TheBelfastNews-Letter_0001	8688	1858.08.28_TheBelfastNews-Letter	46290
1858.08.28_TheBelfastNews-Letter_0002	10250	1858.08.28_TheBelfastNews-Letter	46290
1858.08.28_TheBelfastNews-Letter_0003	12362	1858.08.28_TheBelfastNews-Letter	46290
1858.08.28_TheBelfastNews-Letter_0004	13760	1858.08.28_TheBelfastNews-Letter	46290
1858.08.28_TheBelfastNews-Letter_0005	1230	1858.08.28_TheBelfastNews-Letter	46290
1858.08.28_TheBristolMercury_0001	9767	1858.08.28_TheBristolMercury	101825
1858.08.28_TheBristolMercury_0002	13428	1858.08.28_TheBristolMercury	101825
1858.08.28_TheBristolMercury_0003	9433	1858.08.28_TheBristolMercury	101825
1858.08.28_TheBristolMercury_0004	13374	1858.08.28_TheBristolMercury	101825
1858.08.28_TheBristolMercury_0005	11372	1858.08.28_TheBristolMercury	101825
1858.08.28_TheBristolMercury_0006	14523	1858.08.28_TheBristolMercury	101825
1858.08.28_TheBristolMercury_0007	16002	1858.08.28_TheBristolMercury	101825
1858.08.28_TheBristolMercury_0008	13926	1858.08.28_TheBristolMercury	101825
1858.08.28_TheExaminer_0001	2815	1858.08.28_TheExaminer	63825
1858.08.28_TheExaminer_0002	3179	1858.08.28_TheExaminer	63825
1858.08.28_TheExaminer_0003	3484	1858.08.28_TheExaminer	63825
1858.08.28_TheExaminer_0004	3473	1858.08.28_TheExaminer	63825
1858.08.28_TheExaminer_0005	3595	1858.08.28_TheExaminer	63825
1858.08.28_TheExaminer_0006	4158	1858.08.28_TheExaminer	63825
1858.08.28_TheExaminer_0007	4086	1858.08.28_TheExaminer	63825
1858.08.28_TheExaminer_0008	4269	1858.08.28_TheExaminer	63825
1858.08.28_TheExaminer_0009	3525	1858.08.28_TheExaminer	63825
1858.08.28_TheExaminer_0010	3974	1858.08.28_TheExaminer	63825
1858.08.28_TheExaminer_0011	4563	1858.08.28_TheExaminer	63825
1858.08.28_TheExaminer_0012	4534	1858.08.28_TheExaminer	63825
1858.08.28_TheExaminer_0013	4364	1858.08.28_TheExaminer	63825
1858.08.28_TheExaminer_0014	4977	1858.08.28_TheExaminer	63825
1858.08.28_TheExaminer_0015	4995	1858.08.28_TheExaminer	63825
1858.08.28_TheExaminer_0016	3834	1858.08.28_TheExaminer	63825
1858.08.28_TheIpswichJournal_0001	11496	1858.08.28_TheIpswichJournal	67976
1858.08.28_TheIpswichJournal_0002	15058	1858.08.28_TheIpswichJournal	67976
1858.08.28_TheIpswichJournal_0003	20172	1858.08.28_TheIpswichJournal	67976
1858.08.28_TheIpswichJournal_0004	21250	1858.08.28_TheIpswichJournal	67976
1858.08.28_TheLeedsMercury_0001	11422	1858.08.28_TheLeedsMercury	103813
1858.08.28_TheLeedsMercury_0002	14845	1858.08.28_TheLeedsMercury	103813
1858.08.28_TheLeedsMercury_0003	14544	1858.08.28_TheLeedsMercury	103813
1858.08.28_TheLeedsMercury_0004	11261	1858.08.28_TheLeedsMercury	103813
1858.08.28_TheLeedsMercury_0005	12331	1858.08.28_TheLeedsMercury	103813
1858.08.28_TheLeedsMercury_0006	13607	1858.08.28_TheLeedsMercury	103813
1858.08.28_TheLeedsMercury_0007	13232	1858.08.28_TheLeedsMercury	103813
1858.08.28_TheLeedsMercury_0008	12571	1858.08.28_TheLeedsMercury	103813
1858.08.28_TheMorningChronicle_0001	9723	1858.08.28_TheMorningChronicle	80674
1858.08.28_TheMorningChronicle_0002	8247	1858.08.28_TheMorningChronicle	80674
1858.08.28_TheMorningChronicle_0003	9038	1858.08.28_TheMorningChronicle	80674
1858.08.28_TheMorningChronicle_0004	8201	1858.08.28_TheMorningChronicle	80674
1858.08.28_TheMorningChronicle_0005	11675	1858.08.28_TheMorningChronicle	80674
1858.08.28_TheMorningChronicle_0006	12350	1858.08.28_TheMorningChronicle	80674
1858.08.28_TheMorningChronicle_0007	10122	1858.08.28_TheMorningChronicle	80674
1858.08.28_TheMorningChronicle_0008	11318	1858.08.28_TheMorningChronicle	80674
1858.08.28_ThePrestonGuardianetc_0001	8767	1858.08.28_ThePrestonGuardianetc	96610
1858.08.28_ThePrestonGuardianetc_0002	13726	1858.08.28_ThePrestonGuardianetc	96610
1858.08.28_ThePrestonGuardianetc_0003	13610	1858.08.28_ThePrestonGuardianetc	96610
1858.08.28_ThePrestonGuardianetc_0004	11072	1858.08.28_ThePrestonGuardianetc	96610
1858.08.28_ThePrestonGuardianetc_0005	12798	1858.08.28_ThePrestonGuardianetc	96610
1858.08.28_ThePrestonGuardianetc_0006	13017	1858.08.28_ThePrestonGuardianetc	96610
1858.08.28_ThePrestonGuardianetc_0007	13424	1858.08.28_ThePrestonGuardianetc	96610
1858.08.28_ThePrestonGuardianetc_0008	10196	1858.08.28_ThePrestonGuardianetc	96610
1858.08.28_Times_0001	7922	1858.08.28_Times	142059
1858.08.28_Times_0002	7603	1858.08.28_Times	142059
1858.08.28_Times_0003	6678	1858.08.28_Times	142059
1858.08.28_Times_0004	8188	1858.08.28_Times	142059
1858.08.28_Times_0005	7778	1858.08.28_Times	142059
1858.08.28_Times_0006	11120	1858.08.28_Times	142059
1858.08.28_Times_0007	6387	1858.08.28_Times	142059
1858.08.28_Times_0008	9259	1858.08.28_Times	142059
1858.08.28_Times_0009	10642	1858.08.28_Times	142059
1858.08.28_Times_0010	9522	1858.08.28_Times	142059
1858.08.28_Times_0011	11923	1858.08.28_Times	142059
1858.08.28_Times_0012	12701	1858.08.28_Times	142059
1858.08.28_Times_0013	6760	1858.08.28_Times	142059
1858.08.28_Times_0014	6411	1858.08.28_Times	142059
1858.08.28_Times_0015	6752	1858.08.28_Times	142059
1858.08.28_Times_0016	12413	1858.08.28_Times	142059
1858.08.29_Lloyd'sWeeklyNewspaper_0001	6356	1858.08.29_Lloyd'sWeeklyNewspaper	89767
1858.08.29_Lloyd'sWeeklyNewspaper_0002	7831	1858.08.29_Lloyd'sWeeklyNewspaper	89767
1858.08.29_Lloyd'sWeeklyNewspaper_0003	8077	1858.08.29_Lloyd'sWeeklyNewspaper	89767
1858.08.29_Lloyd'sWeeklyNewspaper_0004	7729	1858.08.29_Lloyd'sWeeklyNewspaper	89767
1858.08.29_Lloyd'sWeeklyNewspaper_0005	7581	1858.08.29_Lloyd'sWeeklyNewspaper	89767
1858.08.29_Lloyd'sWeeklyNewspaper_0006	6763	1858.08.29_Lloyd'sWeeklyNewspaper	89767
1858.08.29_Lloyd'sWeeklyNewspaper_0007	7860	1858.08.29_Lloyd'sWeeklyNewspaper	89767
1858.08.29_Lloyd'sWeeklyNewspaper_0008	8439	1858.08.29_Lloyd'sWeeklyNewspaper	89767
1858.08.29_Lloyd'sWeeklyNewspaper_0009	8364	1858.08.29_Lloyd'sWeeklyNewspaper	89767
1858.08.29_Lloyd'sWeeklyNewspaper_0010	6537	1858.08.29_Lloyd'sWeeklyNewspaper	89767
1858.08.29_Lloyd'sWeeklyNewspaper_0011	7423	1858.08.29_Lloyd'sWeeklyNewspaper	89767
1858.08.29_Lloyd'sWeeklyNewspaper_0012	6807	1858.08.29_Lloyd'sWeeklyNewspaper	89767
1858.08.29_Reynolds'sNewspaper_0001	4796	1858.08.29_Reynolds'sNewspaper	66969
1858.08.29_Reynolds'sNewspaper_0002	4258	1858.08.29_Reynolds'sNewspaper	66969
1858.08.29_Reynolds'sNewspaper_0003	4959	1858.08.29_Reynolds'sNewspaper	66969
1858.08.29_Reynolds'sNewspaper_0004	5391	1858.08.29_Reynolds'sNewspaper	66969
1858.08.29_Reynolds'sNewspaper_0005	3830	1858.08.29_Reynolds'sNewspaper	66969
1858.08.29_Reynolds'sNewspaper_0006	5635	1858.08.29_Reynolds'sNewspaper	66969
1858.08.29_Reynolds'sNewspaper_0007	4263	1858.08.29_Reynolds'sNewspaper	66969
1858.08.29_Reynolds'sNewspaper_0008	3557	1858.08.29_Reynolds'sNewspaper	66969
1858.08.29_Reynolds'sNewspaper_0009	4911	1858.08.29_Reynolds'sNewspaper	66969
1858.08.29_Reynolds'sNewspaper_0010	3212	1858.08.29_Reynolds'sNewspaper	66969
1858.08.29_Reynolds'sNewspaper_0011	3768	1858.08.29_Reynolds'sNewspaper	66969
1858.08.29_Reynolds'sNewspaper_0012	3509	1858.08.29_Reynolds'sNewspaper	66969
1858.08.29_Reynolds'sNewspaper_0013	2967	1858.08.29_Reynolds'sNewspaper	66969
1858.08.29_Reynolds'sNewspaper_0014	2903	1858.08.29_Reynolds'sNewspaper	66969
1858.08.29_Reynolds'sNewspaper_0015	2839	1858.08.29_Reynolds'sNewspaper	66969
1858.08.29_Reynolds'sNewspaper_0016	6171	1858.08.29_Reynolds'sNewspaper	66969
1858.08.29_TheEra_0001	4754	1858.08.29_TheEra	110901
1858.08.29_TheEra_0002	7099	1858.08.29_TheEra	110901
1858.08.29_TheEra_0003	7051	1858.08.29_TheEra	110901
1858.08.29_TheEra_0004	7410	1858.08.29_TheEra	110901
1858.08.29_TheEra_0005	6872	1858.08.29_TheEra	110901
1858.08.29_TheEra_0006	7497	1858.08.29_TheEra	110901
1858.08.29_TheEra_0007	7535	1858.08.29_TheEra	110901
1858.08.29_TheEra_0008	5922	1858.08.29_TheEra	110901
1858.08.29_TheEra_0009	7137	1858.08.29_TheEra	110901
1858.08.29_TheEra_0010	6712	1858.08.29_TheEra	110901
1858.08.29_TheEra_0011	7629	1858.08.29_TheEra	110901
1858.08.29_TheEra_0012	7473	1858.08.29_TheEra	110901
1858.08.29_TheEra_0013	7623	1858.08.29_TheEra	110901
1858.08.29_TheEra_0014	7045	1858.08.29_TheEra	110901
1858.08.29_TheEra_0015	6854	1858.08.29_TheEra	110901
1858.08.29_TheEra_0016	6288	1858.08.29_TheEra	110901
1858.08.30_BirminghamDailyPost_0001	9352	1858.08.30_BirminghamDailyPost	31516
1858.08.30_BirminghamDailyPost_0002	7500	1858.08.30_BirminghamDailyPost	31516
1858.08.30_BirminghamDailyPost_0003	6454	1858.08.30_BirminghamDailyPost	31516
1858.08.30_BirminghamDailyPost_0004	8210	1858.08.30_BirminghamDailyPost	31516
1858.08.30_CaledonianMercury_0001	6496	1858.08.30_CaledonianMercury	34890
1858.08.30_CaledonianMercury_0002	8841	1858.08.30_CaledonianMercury	34890
1858.08.30_CaledonianMercury_0003	8424	1858.08.30_CaledonianMercury	34890
1858.08.30_CaledonianMercury_0004	10951	1858.08.30_CaledonianMercury	34890
1858.08.30_CaledonianMercury_0005	178	1858.08.30_CaledonianMercury	34890
1858.08.30_DailyNews_0001	8219	1858.08.30_DailyNews	80667
1858.08.30_DailyNews_0002	12530	1858.08.30_DailyNews	80667
1858.08.30_DailyNews_0003	11826	1858.08.30_DailyNews	80667
1858.08.30_DailyNews_0004	8764	1858.08.30_DailyNews	80667
1858.08.30_DailyNews_0005	9723	1858.08.30_DailyNews	80667
1858.08.30_DailyNews_0006	12019	1858.08.30_DailyNews	80667
1858.08.30_DailyNews_0007	11163	1858.08.30_DailyNews	80667
1858.08.30_DailyNews_0008	6423	1858.08.30_DailyNews	80667
1858.08.30_Freeman'sJournalandDailyCommercialAdvertiser_0001	9076	1858.08.30_Freeman'sJournalandDailyCommercialAdvertiser	48267
1858.08.30_Freeman'sJournalandDailyCommercialAdvertiser_0002	12014	1858.08.30_Freeman'sJournalandDailyCommercialAdvertiser	48267
1858.08.30_Freeman'sJournalandDailyCommercialAdvertiser_0003	12867	1858.08.30_Freeman'sJournalandDailyCommercialAdvertiser	48267
1858.08.30_Freeman'sJournalandDailyCommercialAdvertiser_0004	14310	1858.08.30_Freeman'sJournalandDailyCommercialAdvertiser	48267
1858.08.30_GlasgowHerald_0001	8482	1858.08.30_GlasgowHerald	88519
1858.08.30_GlasgowHerald_0002	11969	1858.08.30_GlasgowHerald	88519
1858.08.30_GlasgowHerald_0003	14003	1858.08.30_GlasgowHerald	88519
1858.08.30_GlasgowHerald_0004	10742	1858.08.30_GlasgowHerald	88519
1858.08.30_GlasgowHerald_0005	11368	1858.08.30_GlasgowHerald	88519
1858.08.30_GlasgowHerald_0006	11040	1858.08.30_GlasgowHerald	88519
1858.08.30_GlasgowHerald_0007	11579	1858.08.30_GlasgowHerald	88519
1858.08.30_GlasgowHerald_0008	9336	1858.08.30_GlasgowHerald	88519
1858.08.30_LiverpoolMercuryetc_0001	9430	1858.08.30_LiverpoolMercuryetc	54290
1858.08.30_LiverpoolMercuryetc_0002	13801	1858.08.30_LiverpoolMercuryetc	54290
1858.08.30_LiverpoolMercuryetc_0003	16991	1858.08.30_LiverpoolMercuryetc	54290
1858.08.30_LiverpoolMercuryetc_0004	14068	1858.08.30_LiverpoolMercuryetc	54290
1858.08.30_TheBelfastNews-Letter_0001	8176	1858.08.30_TheBelfastNews-Letter	45807
1858.08.30_TheBelfastNews-Letter_0002	11351	1858.08.30_TheBelfastNews-Letter	45807
1858.08.30_TheBelfastNews-Letter_0003	12450	1858.08.30_TheBelfastNews-Letter	45807
1858.08.30_TheBelfastNews-Letter_0004	13830	1858.08.30_TheBelfastNews-Letter	45807
1858.08.30_TheMorningChronicle_0001	9875	1858.08.30_TheMorningChronicle	80506
1858.08.30_TheMorningChronicle_0002	8848	1858.08.30_TheMorningChronicle	80506
1858.08.30_TheMorningChronicle_0003	9979	1858.08.30_TheMorningChronicle	80506
1858.08.30_TheMorningChronicle_0004	7925	1858.08.30_TheMorningChronicle	80506
1858.08.30_TheMorningChronicle_0005	9290	1858.08.30_TheMorningChronicle	80506
1858.08.30_TheMorningChronicle_0006	11400	1858.08.30_TheMorningChronicle	80506
1858.08.30_TheMorningChronicle_0007	11296	1858.08.30_TheMorningChronicle	80506
1858.08.30_TheMorningChronicle_0008	11893	1858.08.30_TheMorningChronicle	80506
1858.08.30_Times_0001	7882	1858.08.30_Times	111723
1858.08.30_Times_0002	7839	1858.08.30_Times	111723
1858.08.30_Times_0003	9394	1858.08.30_Times	111723
1858.08.30_Times_0004	8946	1858.08.30_Times	111723
1858.08.30_Times_0005	12861	1858.08.30_Times	111723
1858.08.30_Times_0006	9146	1858.08.30_Times	111723
1858.08.30_Times_0007	9404	1858.08.30_Times	111723
1858.08.30_Times_0008	7369	1858.08.30_Times	111723
1858.08.30_Times_0009	11253	1858.08.30_Times	111723
1858.08.30_Times_0010	9328	1858.08.30_Times	111723
1858.08.30_Times_0011	7812	1858.08.30_Times	111723
1858.08.30_Times_0012	10489	1858.08.30_Times	111723
1858.08.31_BirminghamDailyPost_0001	8847	1858.08.31_BirminghamDailyPost	34136
1858.08.31_BirminghamDailyPost_0002	8042	1858.08.31_BirminghamDailyPost	34136
1858.08.31_BirminghamDailyPost_0003	6303	1858.08.31_BirminghamDailyPost	34136
1858.08.31_BirminghamDailyPost_0004	10944	1858.08.31_BirminghamDailyPost	34136
1858.08.31_CaledonianMercury_0001	7219	1858.08.31_CaledonianMercury	35668
1858.08.31_CaledonianMercury_0002	8947	1858.08.31_CaledonianMercury	35668
1858.08.31_CaledonianMercury_0003	8364	1858.08.31_CaledonianMercury	35668
1858.08.31_CaledonianMercury_0004	10533	1858.08.31_CaledonianMercury	35668
1858.08.31_CaledonianMercury_0005	605	1858.08.31_CaledonianMercury	35668
1858.08.31_DailyNews_0001	6684	1858.08.31_DailyNews	79453
1858.08.31_DailyNews_0002	11586	1858.08.31_DailyNews	79453
1858.08.31_DailyNews_0003	10939	1858.08.31_DailyNews	79453
1858.08.31_DailyNews_0004	8729	1858.08.31_DailyNews	79453
1858.08.31_DailyNews_0005	9158	1858.08.31_DailyNews	79453
1858.08.31_DailyNews_0006	11644	1858.08.31_DailyNews	79453
1858.08.31_DailyNews_0007	12012	1858.08.31_DailyNews	79453
1858.08.31_DailyNews_0008	8701	1858.08.31_DailyNews	79453
1858.08.31_LiverpoolMercuryetc_0001	10147	1858.08.31_LiverpoolMercuryetc	113615
1858.08.31_LiverpoolMercuryetc_0002	14996	1858.08.31_LiverpoolMercuryetc	113615
1858.08.31_LiverpoolMercuryetc_0003	16487	1858.08.31_LiverpoolMercuryetc	113615
1858.08.31_LiverpoolMercuryetc_0004	12936	1858.08.31_LiverpoolMercuryetc	113615
1858.08.31_LiverpoolMercuryetc_0005	14683	1858.08.31_LiverpoolMercuryetc	113615
1858.08.31_LiverpoolMercuryetc_0006	14215	1858.08.31_LiverpoolMercuryetc	113615
1858.08.31_LiverpoolMercuryetc_0007	16109	1858.08.31_LiverpoolMercuryetc	113615
1858.08.31_LiverpoolMercuryetc_0008	14042	1858.08.31_LiverpoolMercuryetc	113615
1858.08.31_TheBelfastNews-Letter_0001	9027	1858.08.31_TheBelfastNews-Letter	45365
1858.08.31_TheBelfastNews-Letter_0002	10495	1858.08.31_TheBelfastNews-Letter	45365
1858.08.31_TheBelfastNews-Letter_0003	12204	1858.08.31_TheBelfastNews-Letter	45365
1858.08.31_TheBelfastNews-Letter_0004	12693	1858.08.31_TheBelfastNews-Letter	45365
1858.08.31_TheBelfastNews-Letter_0005	946	1858.08.31_TheBelfastNews-Letter	45365
1858.08.31_TheLeedsMercury_0001	10397	1858.08.31_TheLeedsMercury	50594
1858.08.31_TheLeedsMercury_0002	11443	1858.08.31_TheLeedsMercury	50594
1858.08.31_TheLeedsMercury_0003	15204	1858.08.31_TheLeedsMercury	50594
1858.08.31_TheLeedsMercury_0004	13550	1858.08.31_TheLeedsMercury	50594
1858.08.31_TheMorningChronicle_0001	10187	1858.08.31_TheMorningChronicle	83924
1858.08.31_TheMorningChronicle_0002	8433	1858.08.31_TheMorningChronicle	83924
1858.08.31_TheMorningChronicle_0003	10305	1858.08.31_TheMorningChronicle	83924
1858.08.31_TheMorningChronicle_0004	8571	1858.08.31_TheMorningChronicle	83924
1858.08.31_TheMorningChronicle_0005	12274	1858.08.31_TheMorningChronicle	83924
1858.08.31_TheMorningChronicle_0006	11976	1858.08.31_TheMorningChronicle	83924
1858.08.31_TheMorningChronicle_0007	10935	1858.08.31_TheMorningChronicle	83924
1858.08.31_TheMorningChronicle_0008	11243	1858.08.31_TheMorningChronicle	83924
1858.08.31_Times_0001	9838	1858.08.31_Times	116573
1858.08.31_Times_0002	10064	1858.08.31_Times	116573
1858.08.31_Times_0003	10693	1858.08.31_Times	116573
1858.08.31_Times_0004	7963	1858.08.31_Times	116573
1858.08.31_Times_0005	7960	1858.08.31_Times	116573
1858.08.31_Times_0006	8150	1858.08.31_Times	116573
1858.08.31_Times_0007	12448	1858.08.31_Times	116573
1858.08.31_Times_0008	9668	1858.08.31_Times	116573
1858.08.31_Times_0009	11664	1858.08.31_Times	116573
1858.08.31_Times_0010	10383	1858.08.31_Times	116573
1858.08.31_Times_0011	7830	1858.08.31_Times	116573
1858.08.31_Times_0012	9912	1858.08.31_Times	116573
